0 6 0 0 1.47189 0 -2.9088 499.585
0 6 0 0 1.47189 0 -2.9088 499.585
-0.005233 5.99226 0 0.0151633 1.48665 0 -2.88638 1.91095
-0.0104874 5.98441 0 0.0302695 1.50156 0 -2.86353 1.90318
-0.0157635 5.97645 0 0.0453166 1.51662 0 -2.84023 1.89532
-0.0210619 5.96837 0 0.0603023 1.53183 0 -2.81648 1.88738
-0.0263828 5.96018 0 0.0752245 1.5472 0 -2.79226 1.87935
-0.0317269 5.95187 0 0.0900806 1.56271 0 -2.76758 1.87124
-0.0370944 5.94344 0 0.104868 1.57838 0 -2.74241 1.86305
-0.0424859 5.93489 0 0.119585 1.59421 0 -2.71675 1.85479
-0.0479017 5.92621 0 0.134228 1.61019 0 -2.6906 1.84645
-0.0533422 5.91741 0 0.148794 1.62634 0 -2.66394 1.83804
-0.058808 5.90847 0 0.16328 1.64265 0 -2.63676 1.82956
-0.0642995 5.89941 0 0.177684 1.65912 0 -2.60906 1.82102
-0.069817 5.89021 0 0.192002 1.67575 0 -2.58082 1.81241
-0.075361 5.88087 0 0.20623 1.69255 0 -2.55204 1.80376
-0.0809318 5.87139 0 0.220366 1.70952 0 -2.5227 1.79506
-0.08653 5.86177 0 0.234405 1.72666 0 -2.4928 1.78631
-0.0921557 5.85201 0 0.248343 1.74397 0 -2.46232 1.77753
-0.0978095 5.8421 0 0.262177 1.76145 0 -2.43127 1.76872
-0.103492 5.83204 0 0.275902 1.77911 0 -2.39962 1.75989
-0.109203 5.82183 0 0.289514 1.79694 0 -2.36737 1.75104
-0.114942 5.81147 0 0.303009 1.81496 0 -2.33451 1.7422
-0.120712 5.80094 0 0.31638 1.83315 0 -2.30104 1.73335
-0.12651 5.79026 0 0.329625 1.85153 0 -2.26693 1.72453
-0.132339 5.77941 0 0.342736 1.87009 0 -2.2322 1.71573
-0.138197 5.7684 0 0.35571 1.88883 0 -2.19681 1.70698
-0.144085 5.75723 0 0.368539 1.90777 0 -2.16078 1.69828
-0.150004 5.74588 0 0.38122 1.92689 0 -2.12409 1.68964
-0.155952 5.73436 0 0.393744 1.94621 0 -2.08674 1.68109
-0.161931 5.72267 0 0.406106 1.96572 0 -2.04872 1.67264
-0.167939 5.7108 0 0.4183 1.98543 0 -2.01002 1.66431
-0.173978 5.69875 0 0.430318 2.00533 0 -1.97064 1.65611
-0.180045 5.68652 0 0.442154 2.02544 0 -1.93057 1.64807
-0.186142 5.67411 0 0.4538 2.04575 0 -1.88982 1.64021
-0.192267 5.66151 0 0.46525 2.06626 0 -1.84838 1.63254
-0.198421 5.64874 0 0.476494 2.08698 0 -1.80625 1.6251
-0.204602 5.63577 0 0.487526 2.10791 0 -1.76342 1.6179
-0.210809 5.62262 0 0.498338 2.12905 0 -1.71991 1.61098
-0.217042 5.60928 0 0.508921 2.1504 0 -1.67571 1.60435
-0.2233 5.59576 0 0.519266 2.17197 0 -1.63083 1.59805
-0.229581 5.58205 0 0.529367 2.19376 0 -1.58526 1.59211
-0.235884 5.56815 0 0.539213 2.21577 0 -1.53903 1.58655
-0.242207 5.55407 0 0.548797 2.23801 0 -1.49213 1.58141
-0.24855 5.53981 0 0.55811 2.26047 0 -1.44457 1.57672
-0.254909 5.52536 0 0.567143 2.28316 0 -1.39638 1.57251
-0.261283 5.51073 0 0.575889 2.30608 0 -1.34755 1.56881
-0.26767 5.49593 0 0.584338 2.32924 0 -1.29811 1.56565
-0.274068 5.48095 0 0.592483 2.35263 0 -1.24807 1.56308
-0.280473 5.46581 0 0.600316 2.37627 0 -1.19745 1.56111
-0.286885 5.4505 0 0.60783 2.40014 0 -1.14628 1.55979
-0.293298 5.43503 0 0.615016 2.42427 0 -1.09456 1.55914
-0.299712 5.4194 0 0.621869 2.44863 0 -1.04233 1.55919
-0.306122 5.40362 0 0.628382 2.47326 0 -0.989612 1.55998
-0.312526 5.38771 0 0.634549 2.49813 0 -0.936426 1.56152
-0.318921 5.37165 0 0.640366 2.52326 0 -0.882802 1.56386
-0.325302 5.35547 0 0.645828 2.54865 0 -0.828767 1.567
-0.331668 5.33916 0 0.65093 2.5743 0 -0.774349 1.57097
-0.338014 5.32275 0 0.655671 2.60022 0 -0.719578 1.5758
-0.344337 5.30622 0 0.660047 2.62641 0 -0.664482 1.58149
-0.350634 5.2896 0 0.664057 2.65286 0 -0.609091 1.58806
-0.356902 5.27289 0 0.6677 2.67959 0 -0.553435 1.59552
-0.363137 5.2561 0 0.670977 2.7066 0 -0.49754 1.60388
-0.369336 5.23924 0 0.673888 2.73389 0 -0.441437 1.61314
-0.375496 5.22231 0 0.676434 2.76146 0 -0.385152 1.62331
-0.381614 5.20533 0 0.678618 2.78931 0 -0.328711 1.63438
-0.387688 5.1883 0 0.680443 2.81745 0 -0.272141 1.64636
-0.393715 5.17123 0 0.681913 2.84589 0 -0.215465 1.65922
-0.399693 5.15414 0 0.683031 2.87461 0 -0.158706 1.67298
-0.405618 5.13702 0 0.683804 2.90363 0 -0.101886 1.68761
-0.41149 5.11988 0 0.684235 2.93295 0 -0.045023 1.7031
-0.417306 5.10274 0 0.684332 2.96258 0 0.0118637 1.71944
-0.423064 5.0856 0 0.6841 2.99251 0 0.0687579 1.73662
-0.428763 5.06845 0 0.683546 3.02274 0 0.125645 1.75461
-0.434402 5.05132 0 0.682678 3.05329 0 0.182511 1.7734
-0.439979 5.03421 0 0.681502 3.08415 0 0.239346 1.79297
-0.445494 5.01711 0 0.680025 3.11532 0 0.296139 1.8133
-0.450946 5.00005 0 0.678257 3.14682 0 0.352882 1.83438
-0.456333 4.98301 0 0.676203 3.17864 0 0.409568 1.85617
-0.461656 4.966 0 0.673873 3.21078 0 0.466192 1.87866
-0.466914 4.94903 0 0.671273 3.24325 0 0.522749 1.90183
-0.472107 4.93211 0 0.668412 3.27605 0 0.579238 1.92567
-0.477235 4.91522 0 0.665297 3.30919 0 0.635655 1.95014
-0.482298 4.89839 0 0.661937 3.34266 0 0.692001 1.97525
-0.487295 4.8816 0 0.658338 3.37648 0 0.748276 2.00095
-0.492228 4.86486 0 0.654509 3.41063 0 0.804482 2.02725
-0.497096 4.84817 0 0.650456 3.44514 0 0.860621 2.05411
-0.501901 4.83154 0 0.646187 3.48 0 0.916695 2.08153
-0.506641 4.81496 0 0.641709 3.51521 0 0.97271 2.1095
-0.511318 4.79843 0 0.637029 3.55078 0 1.02867 2.13798
-0.515933 4.78196 0 0.632153 3.58671 0 1.08458 2.16698
-0.520486 4.76555 0 0.627088 3.623 0 1.14044 2.19648
-0.524977 4.7492 0 0.621841 3.65966 0 1.19626 2.22646
-0.529408 4.7329 0 0.616417 3.69669 0 1.25206 2.25692
-0.533779 4.71666 0 0.610823 3.7341 0 1.30782 2.28785
-0.538091 4.70048 0 0.605064 3.77188 0 1.36357 2.31922
-0.542344 4.68435 0 0.599146 3.81005 0 1.4193 2.35105
-0.54654 4.66829 0 0.593074 3.84861 0 1.47503 2.38331
-0.550679 4.65228 0 0.586854 3.88755 0 1.53077 2.416
-0.554762 4.63632 0 0.58049 3.92689 0 1.58652 2.44911
-0.55879 4.62043 0 0.573987 3.96663 0 1.64229 2.48263
-0.562764 4.60459 0 0.567351 4.00676 0 1.69808 2.51657
-0.566684 4.5888 0 0.560585 4.04731 0 1.75392 2.55091
-0.570551 4.57307 0 0.553694 4.08826 0 1.8098 2.58564
-0.574367 4.55739 0 0.546682 4.12963 0 1.86573 2.62077
-0.578132 4.54176 0 0.539553 4.17141 0 1.92173 2.6563
-0.581846 4.52619 0 0.532311 4.21362 0 1.97779 2.6922
-0.585511 4.51067 0 0.524959 4.25625 0 2.03394 2.7285
-0.589128 4.4952 0 0.517502 4.29931 0 2.09018 2.76517
-0.592696 4.47978 0 0.509943 4.34281 0 2.14651 2.80222
-0.596218 4.46441 0 0.502285 4.38675 0 2.20295 2.83965
-0.599693 4.44909 0 0.494531 4.43113 0 2.2595 2.87746
-0.603123 4.43381 0 0.486685 4.47595 0 2.31617 2.91564
-0.606508 4.41859 0 0.478748 4.52123 0 2.37298 2.95419
-0.609849 4.4034 0 0.470725 4.56697 0 2.42993 2.99312
-0.613147 4.38827 0 0.462618 4.61317 0 2.48702 3.03242
-0.616402 4.37318 0 0.45443 4.65984 0 2.54427 3.07209
-0.619615 4.35813 0 0.446163 4.70697 0 2.60169 3.11214
-0.622787 4.34312 0 0.437819 4.75459 0 2.65928 3.15256
-0.625918 4.32816 0 0.429401 4.80268 0 2.71706 3.19336
-0.62901 4.31324 0 0.420912 4.85126 0 2.77502 3.23454
-0.632063 4.29835 0 0.412352 4.90033 0 2.83319 3.27609
-0.635076 4.28351 0 0.403726 4.94989 0 2.89156 3.31802
-0.638052 4.2687 0 0.395034 4.99995 0 2.95014 3.36033
-0.640991 4.25394 0 0.386279 5.05052 0 3.00895 3.40303
-0.643893 4.23921 0 0.377462 5.1016 0 3.068 3.44611
-0.646758 4.22452 0 0.368585 5.1532 0 3.12728 3.48957
-0.649588 4.20986 0 0.359651 5.20531 0 3.18681 3.53343
-0.652384 4.19524 0 0.35066 5.25795 0 3.2466 3.57767
-0.655144 4.18065 0 0.341614 5.31113 0 3.30665 3.62232
-0.657871 4.16609 0 0.332516 5.36483 0 3.36697 3.66736
-0.660564 4.15157 0 0.323366 5.41908 0 3.42757 3.7128
-0.663225 4.13708 0 0.314166 5.47388 0 3.48847 3.75864
-0.665853 4.12262 0 0.304918 5.52923 0 3.54965 3.80489
-0.668449 4.10819 0 0.295622 5.58514 0 3.61115 3.85155
-0.671014 4.09379 0 0.28628 5.64162 0 3.67295 3.89862
-0.673549 4.07942 0 0.276894 5.69866 0 3.73507 3.94611
-0.676052 4.06508 0 0.267464 5.75628 0 3.79753 3.99402
-0.678526 4.05077 0 0.257992 5.81448 0 3.86031 4.04235
-0.68097 4.03649 0 0.24848 5.87327 0 3.92344 4.09112
-0.683386 4.02223 0 0.238927 5.93265 0 3.98693 4.14031
-0.685772 4.008 0 0.229336 5.99263 0 4.05077 4.18994
-0.688131 3.9938 0 0.219706 6.05322 0 4.11497 4.24001
-0.690462 3.97962 0 0.210041 6.11442 0 4.17956 4.29053
-0.692765 3.96546 0 0.200339 6.17623 0 4.24452 4.34149
-0.695041 3.95133 0 0.190603 6.23867 0 4.30988 4.39291
-0.697291 3.93723 0 0.180832 6.30174 0 4.37563 4.44479
-0.699515 3.92314 0 0.171029 6.36545 0 4.44179 4.49712
-0.701713 3.90908 0 0.161194 6.4298 0 4.50836 4.54993
-0.703885 3.89504 0 0.151327 6.4948 0 4.57535 4.6032
-0.706032 3.88103 0 0.14143 6.56045 0 4.64278 4.65696
-0.708155 3.86703 0 0.131504 6.62677 0 4.71064 4.71119
-0.710253 3.85306 0 0.121548 6.69375 0 4.77894 4.76591
-0.712327 3.8391 0 0.111565 6.76142 0 4.8477 4.82112
-0.714378 3.82517 0 0.101554 6.82976 0 4.91692 4.87683
-0.716405 3.81125 0 0.0915161 6.8988 0 4.9866 4.93304
-0.718409 3.79736 0 0.0814523 6.96853 0 5.05677 4.98976
-0.720391 3.78348 0 0.0713632 7.03897 0 5.12742 5.04699
-0.72235 3.76962 0 0.0612493 7.11011 0 5.19856 5.10474
-0.724286 3.75578 0 0.0511112 7.18198 0 5.2702 5.16301
-0.726201 3.74196 0 0.0409497 7.25457 0 5.34235 5.22181
-0.728095 3.72815 0 0.0307652 7.32789 0 5.41501 5.28114
-0.729967 3.71436 0 0.0205584 7.40196 0 5.4882 5.34102
-0.731819 3.70059 0 0.0103297 7.47677 0 5.56193 5.40144
-0.733649 3.68683 0 7.97785e-05 7.55233 0 5.63619 5.46241
-0.73546 3.67309 0 -0.0101909 7.62866 0 5.711 5.52394
-0.73725 3.65937 0 -0.0204819 7.70576 0 5.78637 5.58603
-0.73902 3.64566 0 -0.0307926 7.78364 0 5.86231 5.6487
-0.740771 3.63196 0 -0.0411227 7.86231 0 5.93881 5.71193
-0.742502 3.61828 0 -0.0514715 7.94177 0 6.0159 5.77575
-0.744215 3.60461 0 -0.0618387 8.02203 0 6.09358 5.84016
-0.745908 3.59096 0 -0.0722239 8.1031 0 6.17186 5.90516
-0.747583 3.57732 0 -0.0826265 8.18499 0 6.25075 5.97077
-0.749239 3.5637 0 -0.0930463 8.2677 0 6.33025 6.03698
-0.750878 3.55008 0 -0.103483 8.35126 0 6.41038 6.1038
-0.752498 3.53648 0 -0.113935 8.43565 0 6.49113 6.17125
-0.754101 3.52289 0 -0.124404 8.5209 0 6.57253 6.23932
-0.755686 3.50932 0 -0.134888 8.60701 0 6.65458 6.30802
-0.757254 3.49575 0 -0.145387 8.69398 0 6.73729 6.37737
-0.758805 3.4822 0 -0.155902 8.78184 0 6.82066 6.44736
-0.760339 3.46866 0 -0.16643 8.87058 0 6.90471 6.51801
-0.761857 3.45513 0 -0.176973 8.96022 0 6.98945 6.58932
-0.763358 3.44161 0 -0.18753 9.05076 0 7.07488 6.6613
-0.764843 3.4281 0 -0.1981 9.14222 0 7.16101 6.73395
-0.766312 3.4146 0 -0.208683 9.2346 0 7.24786 6.80728
-0.767765 3.40112 0 -0.219279 9.32792 0 7.33543 6.88131
-0.769203 3.38764 0 -0.229888 9.42217 0 7.42372 6.95603
-0.770625 3.37417 0 -0.240509 9.51738 0 7.51276 7.03146
-0.772032 3.36071 0 -0.251142 9.61355 0 7.60254 7.1076
-0.773424 3.34727 0 -0.261786 9.71069 0 7.69309 7.18446
-0.774801 3.33383 0 -0.272442 9.80881 0 7.7844 7.26205
-0.776163 3.3204 0 -0.28311 9.90792 0 7.87649 7.34037
-0.777511 3.30698 0 -0.293788 10.008 0 7.96936 7.41944
-0.778845 3.29356 0 -0.304477 10.1092 0 8.06303 7.49926
-0.780164 3.28016 0 -0.315177 10.2113 0 8.15751 7.57984
-0.781469 3.26676 0 -0.325887 10.3145 0 8.25281 7.66118
-0.782761 3.25338 0 -0.336607 10.4187 0 8.34893 7.7433
-0.784038 3.24 0 -0.347336 10.524 0 8.44588 7.82621
-0.785303 3.22662 0 -0.358076 10.6303 0 8.54368 7.9099
-0.786553 3.21326 0 -0.368824 10.7377 0 8.64234 7.9944
-0.787791 3.1999 0 -0.379582 10.8462 0 8.74186 8.0797
-0.789016 3.18655 0 -0.390349 10.9558 0 8.84226 8.16583
-0.790227 3.17321 0 -0.401124 11.0665 0 8.94355 8.25277
-0.791426 3.15988 0 -0.411908 11.1783 0 9.04573 8.34056
-0.792613 3.14655 0 -0.422701 11.2912 0 9.14883 8.42919
-0.793787 3.13323 0 -0.433501 11.4053 0 9.25284 8.51867
-0.794948 3.11991 0 -0.44431 11.5206 0 9.35777 8.60901
-0.796098 3.1066 0 -0.455126 11.637 0 9.46365 8.70022
-0.797235 3.0933 0 -0.46595 11.7545 0 9.57048 8.79231
-0.79836 3.08001 0 -0.476782 11.8733 0 9.67827 8.88529
-0.799474 3.06672 0 -0.487621 11.9932 0 9.78704 8.97917
-0.800576 3.05343 0 -0.498467 12.1144 0 9.89678 9.07396
-0.801667 3.04016 0 -0.50932 12.2368 0 10.0075 9.16966
-0.802746 3.02688 0 -0.52018 12.3604 0 10.1193 9.2663
-0.803814 3.01362 0 -0.531047 12.4853 0 10.232 9.36386
-0.804871 3.00036 0 -0.54192 12.6115 0 10.3458 9.46238
-0.805916 2.9871 0 -0.5528 12.7389 0 10.4607 9.56185
-0.806951 2.97385 0 -0.563686 12.8676 0 10.5766 9.66229
-0.807976 2.9606 0 -0.574578 12.9976 0 10.6935 9.76371
-0.808989 2.94736 0 -0.585477 13.1289 0 10.8115 9.86611
-0.809992 2.93413 0 -0.596381 13.2615 0 10.9307 9.96951
-0.810985 2.9209 0 -0.607291 13.3955 0 11.0509 10.0739
-0.811967 2.90767 0 -0.618206 13.5308 0 11.1722 10.1793
-0.81294 2.89445 0 -0.629127 13.6675 0 11.2947 10.2858
-0.813902 2.88123 0 -0.640054 13.8056 0 11.4183 10.3933
-0.814854 2.86802 0 -0.650986 13.9451 0 11.543 10.5018
-0.815796 2.85481 0 -0.661923 14.086 0 11.6689 10.6114
-0.816729 2.84161 0 -0.672865 14.2283 0 11.796 10.7221
-0.817652 2.82841 0 -0.683812 14.372 0 11.9243 10.8339
-0.818565 2.81522 0 -0.694764 14.5172 0 12.0537 10.9467
-0.81947 2.80203 0 -0.70572 14.6639 0 12.1844 11.0607
-0.820364 2.78884 0 -0.716682 14.812 0 12.3163 11.1758
-0.82125 2.77566 0 -0.727648 14.9617 0 12.4495 11.292
-0.822126 2.76248 0 -0.738618 15.1128 0 12.5839 11.4093
-0.822994 2.7493 0 -0.749593 15.2655 0 12.7196 11.5278
-0.823852 2.73613 0 -0.760572 15.4197 0 12.8565 11.6475
-0.824702 2.72296 0 -0.771555 15.5755 0 12.9948 11.7683
-0.825543 2.70979 0 -0.782542 15.7328 0 13.1344 11.8904
-0.826376 2.69663 0 -0.793534 15.8918 0 13.2753 12.0136
-0.827199 2.68347 0 -0.804529 16.0523 0 13.4175 12.1381
-0.828015 2.67032 0 -0.815528 16.2145 0 13.5611 12.2637
-0.828822 2.65717 0 -0.826531 16.3783 0 13.706 12.3907
-0.829621 2.64402 0 -0.837538 16.5437 0 13.8524 12.5188
-0.830411 2.63087 0 -0.848548 16.7109 0 14.0001 12.6483
-0.831194 2.61773 0 -0.859562 16.8797 0 14.1493 12.779
-0.831968 2.60459 0 -0.870579 17.0502 0 14.2998 12.911
-0.832735 2.59145 0 -0.8816 17.2224 0 14.4519 13.0443
-0.833494 2.57832 0 -0.892624 17.3964 0 14.6053 13.1789
-0.834245 2.56519 0 -0.903651 17.5722 0 14.7603 13.3148
-0.834988 2.55206 0 -0.914681 17.7497 0 14.9167 13.4521
-0.835724 2.53893 0 -0.925715 17.929 0 15.0747 13.5908
-0.836452 2.52581 0 -0.936751 18.1101 0 15.2341 13.7308
-0.837173 2.51269 0 -0.947791 18.293 0 15.3951 13.8722
-0.837887 2.49957 0 -0.958833 18.4778 0 15.5577 14.0151
-0.838593 2.48646 0 -0.969879 18.6645 0 15.7218 14.1593
-0.839292 2.47334 0 -0.980927 18.8531 0 15.8875 14.305
-0.839984 2.46023 0 -0.991978 19.0435 0 16.0548 14.4521
-0.840669 2.44712 0 -1.00303 19.2359 0 16.2238 14.6006
-0.841347 2.43402 0 -1.01409 19.4302 0 16.3943 14.7507
-0.842018 2.42091 0 -1.02515 19.6265 0 16.5666 14.9022
-0.842682 2.40781 0 -1.03621 19.8247 0 16.7405 15.0553
-0.84334 2.39471 0 -1.04727 20.025 0 16.9161 15.2098
-0.84399 2.38161 0 -1.05834 20.2273 0 17.0934 15.3659
-0.844634 2.36852 0 -1.06941 20.4316 0 17.2724 15.5236
-0.845272 2.35542 0 -1.08048 20.638 0 17.4532 15.6828
-0.845903 2.34233 0 -1.09155 20.8465 0 17.6357 15.8436
-0.846528 2.32924 0 -1.10263 21.0571 0 17.82 16.006
-0.847146 2.31615 0 -1.1137 21.2698 0 18.0061 16.17
-0.847759 2.30307 0 -1.12478 21.4847 0 18.194 16.3357
-0.848365 2.28998 0 -1.13587 21.7017 0 18.3838 16.503
-0.848964 2.2769 0 -1.14695 21.9209 0 18.5754 16.672
-0.849558 2.26382 0 -1.15804 22.1424 0 18.7689 16.8426
-0.850146 2.25074 0 -1.16912 22.366 0 18.9643 17.015
-0.850728 2.23767 0 -1.18021 22.592 0 19.1616 17.1891
-0.851303 2.22459 0 -1.19131 22.8202 0 19.3609 17.3649
-0.851874 2.21152 0 -1.2024 23.0507 0 19.5621 17.5424
-0.852438 2.19844 0 -1.2135 23.2836 0 19.7652 17.7218
-0.852996 2.18537 0 -1.22459 23.5188 0 19.9704 17.9029
-0.853549 2.1723 0 -1.23569 23.7563 0 20.1776 18.0858
-0.854097 2.15923 0 -1.24679 23.9963 0 20.3868 18.2706
-0.854638 2.14617 0 -1.2579 24.2387 0 20.5981 18.4572
-0.855175 2.1331 0 -1.269 24.4836 0 20.8115 18.6457
-0.855706 2.12004 0 -1.28011 24.7309 0 21.0269 18.836
-0.856231 2.10698 0 -1.29121 24.9807 0 21.2445 19.0283
-0.856751 2.09392 0 -1.30232 25.233 0 21.4642 19.2225
-0.857266 2.08086 0 -1.31343 25.4879 0 21.6861 19.4186
-0.857776 2.0678 0 -1.32454 25.7454 0 21.9102 19.6167
-0.858281 2.05474 0 -1.33566 26.0055 0 22.1365 19.8168
-0.85878 2.04169 0 -1.34677 26.2682 0 22.3651 20.0188
-0.859275 2.02863 0 -1.35789 26.5335 0 22.5959 20.2229
-0.859764 2.01558 0 -1.36901 26.8015 0 22.8289 20.4291
-0.860249 2.00252 0 -1.38012 27.0723 0 23.0643 20.6373
-0.860729 1.98947 0 -1.39124 27.3457 0 23.302 20.8475
-0.861203 1.97642 0 -1.40237 27.622 0 23.5421 21.0599
-0.861673 1.96337 0 -1.41349 27.901 0 23.7845 21.2744
-0.862139 1.95033 0 -1.42461 28.1828 0 24.0294 21.4911
-0.862599 1.93728 0 -1.43574 28.4675 0 24.2767 21.7099
-0.863055 1.92423 0 -1.44686 28.7551 0 24.5264 21.931
-0.863507 1.91119 0 -1.45799 29.0455 0 24.7786 22.1542
-0.863954 1.89814 0 -1.46912 29.3389 0 25.0333 22.3797
-0.864396 1.8851 0 -1.48025 29.6353 0 25.2905 22.6074
-0.864834 1.87206 0 -1.49138 29.9347 0 25.5503 22.8375
-0.865267 1.85902 0 -1.50251 30.237 0 25.8127 23.0698
-0.865696 1.84598 0 -1.51365 30.5425 0 26.0776 23.3045
-0.866121 1.83294 0 -1.52478 30.851 0 26.3452 23.5415
-0.866542 1.8199 0 -1.53591 31.1626 0 26.6155 23.7809
-0.866958 1.80686 0 -1.54705 31.4774 0 26.8885 24.0227
-0.86737 1.79383 0 -1.55819 31.7954 0 27.1641 24.2669
-0.867778 1.78079 0 -1.56933 32.1166 0 27.4426 24.5136
-0.868182 1.76776 0 -1.58046 32.441 0 27.7237 24.7627
-0.868581 1.75472 0 -1.5916 32.7687 0 28.0077 25.0144
-0.868977 1.74169 0 -1.60274 33.0997 0 28.2946 25.2685
-0.869369 1.72866 0 -1.61389 33.434 0 28.5842 25.5253
-0.869757 1.71562 0 -1.62503 33.7718 0 28.8768 25.7846
-0.870141 1.70259 0 -1.63617 34.1129 0 29.1723 26.0465
-0.870521 1.68956 0 -1.64732 34.4575 0 29.4707 26.311
-0.870897 1.67653 0 -1.65846 34.8056 0 29.7721 26.5783
-0.87127 1.6635 0 -1.66961 35.1571 0 30.0765 26.8481
-0.871638 1.65048 0 -1.68075 35.5123 0 30.3839 27.1207
-0.872003 1.63745 0 -1.6919 35.871 0 30.6945 27.3961
-0.872365 1.62442 0 -1.70305 36.2333 0 31.0081 27.6742
-0.872722 1.61139 0 -1.7142 36.5993 0 31.3248 27.9551
-0.873076 1.59837 0 -1.72534 36.969 0 31.6447 28.2388
-0.873427 1.58534 0 -1.73649 37.3425 0 31.9678 28.5254
-0.873774 1.57232 0 -1.74765 37.7197 0 32.2942 28.8149
-0.874118 1.55929 0 -1.7588 38.1007 0 32.6238 29.1072
-0.874458 1.54627 0 -1.76995 38.4855 0 32.9567 29.4025
-0.874794 1.53325 0 -1.7811 38.8743 0 33.2929 29.7008
-0.875128 1.52022 0 -1.79225 39.267 0 33.6325 30.0021
-0.875458 1.5072 0 -1.80341 39.6636 0 33.9755 30.3064
-0.875784 1.49418 0 -1.81456 40.0643 0 34.3219 30.6138
-0.876108 1.48116 0 -1.82572 40.469 0 34.6718 30.9242
-0.876428 1.46814 0 -1.83687 40.8777 0 35.0251 31.2378
-0.876745 1.45512 0 -1.84803 41.2907 0 35.3821 31.5546
-0.877058 1.4421 0 -1.85919 41.7077 0 35.7426 31.8745
-0.877369 1.42908 0 -1.87034 42.129 0 36.1067 32.1977
-0.877677 1.41606 0 -1.8815 42.5546 0 36.4744 32.5241
-0.877981 1.40305 0 -1.89266 42.9845 0 36.8458 32.8537
-0.878282 1.39003 0 -1.90382 43.4186 0 37.221 33.1867
-0.878581 1.37701 0 -1.91498 43.8572 0 37.5999 33.5231
-0.878876 1.36399 0 -1.92614 44.3002 0 37.9826 33.8629
-0.879168 1.35098 0 -1.9373 44.7477 0 38.3692 34.206
-0.879458 1.33796 0 -1.94846 45.1997 0 38.7596 34.5526
-0.879744 1.32495 0 -1.95962 45.6563 0 39.154 34.9027
-0.880028 1.31193 0 -1.97078 46.1175 0 39.5523 35.2564
-0.880309 1.29892 0 -1.98195 46.5833 0 39.9545 35.6136
-0.880587 1.2859 0 -1.99311 47.0539 0 40.3609 35.9744
-0.880862 1.27289 0 -2.00427 47.5292 0 40.7713 36.3388
-0.881134 1.25988 0 -2.01543 48.0093 0 41.1858 36.7069
-0.881404 1.24686 0 -2.0266 48.4942 0 41.6045 37.0787
-0.881671 1.23385 0 -2.03776 48.9841 0 42.0274 37.4543
-0.881935 1.22084 0 -2.04893 49.4788 0 42.4545 37.8336
-0.882197 1.20783 0 -2.06009 49.9786 0 42.8859 38.2168
-0.882456 1.19481 0 -2.07126 50.4835 0 43.3217 38.6038
-0.882712 1.1818 0 -2.08242 50.9934 0 43.7618 38.9947
-0.882966 1.16879 0 -2.09359 51.5085 0 44.2063 39.3896
-0.883217 1.15578 0 -2.10476 52.0288 0 44.6554 39.7884
-0.883466 1.14277 0 -2.11592 52.5544 0 45.1089 40.1912
-0.883713 1.12976 0 -2.12709 53.0852 0 45.567 40.5982
-0.883956 1.11675 0 -2.13826 53.6214 0 46.0296 41.0092
-0.884198 1.10374 0 -2.14943 54.1631 0 46.497 41.4243
-0.884437 1.09073 0 -2.1606 54.7102 0 46.969 41.8437
-0.884673 1.07772 0 -2.17176 55.2628 0 47.4458 42.2672
-0.884908 1.06471 0 -2.18293 55.821 0 47.9273 42.6951
-0.88514 1.05171 0 -2.1941 56.3849 0 48.4137 43.1272
-0.885369 1.0387 0 -2.20527 56.9544 0 48.905 43.5637
-0.885596 1.02569 0 -2.21644 57.5297 0 49.4013 44.0046
-0.885821 1.01268 0 -2.22761 58.1109 0 49.9025 44.45
-0.886044 0.999674 0 -2.23878 58.6978 0 50.4088 44.8998
-0.886265 0.986667 0 -2.24995 59.2907 0 50.9201 45.3542
-0.886483 0.97366 0 -2.26112 59.8897 0 51.4366 45.8132
-0.886699 0.960653 0 -2.27229 60.4946 0 51.9583 46.2767
-0.886913 0.947646 0 -2.28347 61.1057 0 52.4853 46.745
-0.887125 0.93464 0 -2.29464 61.7229 0 53.0175 47.218
-0.887334 0.921634 0 -2.30581 62.3464 0 53.5551 47.6957
-0.887542 0.908628 0 -2.31698 62.9761 0 54.0981 48.1783
-0.887747 0.895622 0 -2.32815 63.6123 0 54.6466 48.6657
-0.887951 0.882617 0 -2.33933 64.2548 0 55.2006 49.1581
-0.888152 0.869612 0 -2.3505 64.9039 0 55.7602 49.6554
-0.888351 0.856607 0 -2.36167 65.5595 0 56.3254 50.1577
-0.888549 0.843602 0 -2.37285 66.2217 0 56.8963 50.6651
-0.888744 0.830597 0 -2.38402 66.8906 0 57.4729 51.1777
-0.888938 0.817592 0 -2.39519 67.5663 0 58.0554 51.6953
-0.889129 0.804588 0 -2.40637 68.2487 0 58.6437 52.2182
-0.889319 0.791584 0 -2.41754 68.9381 0 59.2379 52.7464
-0.889506 0.77858 0 -2.42872 69.6345 0 59.8381 53.2799
-0.889692 0.765576 0 -2.43989 70.3379 0 60.4444 53.8188
-0.889876 0.752573 0 -2.45107 71.0484 0 61.0567 54.3632
-0.890058 0.739569 0 -2.46224 71.766 0 61.6753 54.913
-0.890239 0.726566 0 -2.47342 72.4909 0 62.3 55.4683
-0.890417 0.713563 0 -2.48459 73.2232 0 62.9311 56.0293
-0.890594 0.70056 0 -2.49577 73.9628 0 63.5685 56.5959
-0.890769 0.687557 0 -2.50694 74.7099 0 64.2123 57.1683
-0.890942 0.674554 0 -2.51812 75.4646 0 64.8627 57.7464
-0.891113 0.661551 0 -2.52929 76.2268 0 65.5195 58.3304
-0.891283 0.648549 0 -2.54047 76.9968 0 66.183 58.9202
-0.891451 0.635547 0 -2.55165 77.7746 0 66.8532 59.516
-0.891617 0.622545 0 -2.56282 78.5602 0 67.5301 60.1178
-0.891782 0.609543 0 -2.574 79.3537 0 68.2139 60.7257
-0.891945 0.596541 0 -2.58518 80.1553 0 68.9045 61.3397
-0.892107 0.583539 0 -2.59635 80.9649 0 69.6021 61.9599
-0.892266 0.570537 0 -2.60753 81.7827 0 70.3068 62.5864
-0.892424 0.557536 0 -2.61871 82.6088 0 71.0185 63.2192
-0.892581 0.544534 0 -2.62988 83.4433 0 71.7374 63.8583
-0.892736 0.531533 0 -2.64106 84.2861 0 72.4635 64.504
-0.89289 0.518532 0 -2.65224 85.1375 0 73.197 65.1561
-0.893042 0.505531 0 -2.66342 85.9975 0 73.9379 65.8148
-0.893192 0.49253 0 -2.6746 86.8662 0 74.6862 66.4802
-0.893341 0.479529 0 -2.68577 87.7436 0 75.4421 67.1523
-0.893488 0.466529 0 -2.69695 88.6299 0 76.2056 67.8312
-0.893634 0.453528 0 -2.70813 89.5252 0 76.9768 68.5169
-0.893779 0.440528 0 -2.71931 90.4294 0 77.7558 69.2095
-0.893922 0.427527 0 -2.73049 91.3429 0 78.5426 69.9092
-0.894063 0.414527 0 -2.74167 92.2655 0 79.3373 70.6159
-0.894204 0.401527 0 -2.75284 93.1975 0 80.1401 71.3297
-0.894342 0.388527 0 -2.76402 94.1389 0 80.951 72.0507
-0.89448 0.375527 0 -2.7752 95.0898 0 81.77 72.779
-0.894616 0.362527 0 -2.78638 96.0503 0 82.5973 73.5147
-0.89475 0.349527 0 -2.79756 97.0205 0 83.433 74.2578
-0.894884 0.336527 0 -2.80874 98.0005 0 84.277 75.0084
-0.895016 0.323527 0 -2.81992 98.9904 0 85.1296 75.7665
-0.895146 0.310528 0 -2.8311 99.9904 0 85.9908 76.5324
-0.895276 0.297528 0 -2.84228 101 0 86.8607 77.3059
-0.895404 0.284529 0 -2.85346 102.021 0 87.7393 78.0873
-0.895531 0.27153 0 -2.86464 103.051 0 88.6269 78.8765
-0.895656 0.25853 0 -2.87582 104.092 0 89.5233 79.6737
-0.89578 0.245531 0 -2.887 105.143 0 90.4288 80.479
-0.895903 0.232532 0 -2.89818 106.205 0 91.3435 81.2924
-0.896025 0.219533 0 -2.90936 107.278 0 92.2673 82.114
-0.896146 0.206534 0 -2.92054 108.362 0 93.2005 82.9439
-0.896265 0.193535 0 -2.93172 109.456 0 94.1431 83.7821
-0.896383 0.180537 0 -2.9429 110.562 0 95.0952 84.6289
-0.8965 0.167538 0 -2.95408 111.679 0 96.0569 85.4842
-0.896616 0.154539 0 -2.96526 112.807 0 97.0283 86.3481
-0.896731 0.141541 0 -2.97644 113.946 0 98.0096 87.2207
-0.896844 0.128542 0 -2.98762 115.097 0 99.0007 88.1022
-0.896957 0.115543 0 -2.9988 116.26 0 100.002 88.9925
-0.897068 0.102545 0 -3.00998 117.434 0 101.013 89.8919
-0.897178 0.0895467 0 -3.02116 118.621 0 102.034 90.8003
-0.897287 0.0765484 0 -3.03234 119.819 0 103.066 91.7179
-0.897395 0.0635502 0 -3.04352 121.029 0 104.108 92.6447
-0.897502 0.050552 0 -3.0547 122.252 0 105.161 93.5809
-0.897608 0.0375538 0 -3.06588 123.486 0 106.224 94.5266
-0.897712 0.0245558 0 -3.07707 124.734 0 107.298 95.4818
-0.897816 0.0115577 0 -3.08825 125.994 0 108.383 96.4467
-0.897907 -8.34836e-17 0 -3.09819 127.125 0 109.357 98.4057
