-1.35	6	43	0.47	1.2
-1.35	6	45	0.56	1.4
-1.35	6	45	0.56	1.5
-1.35	6	47	0.52	1.5
-1.35	6	48	0.47	1.2
-1.35	6	48	0.52	1.4
-1.35	6	49	0.47	1.6
-1.35	6	49	0.48	1.4
-1.35	6	50	0.48	1.4
-1.35	6	50	0.52	1.5
-1.35	6	51	0.56	2.1
-1.35	6	51	0.57	1.6
-1.35	6	52	0.52	1.4
-1.35	6	53	0.57	1.7
-1.35	6	53	0.57	1.8
-1.35	6	53	0.75	3.2
-1.35	6	54	0.72	2.8
-1.35	6	55	0.48	1.5
-1.35	6	55	0.62	1.8
-1.35	6	55	0.77	3.4
-1.35	6	56	0.48	1.6
-1.35	6	56	0.54	1.5
-1.35	6	56	0.54	1.7
-1.35	6	56	0.57	1.4
-1.35	6	56	0.57	1.9
-1.35	6	57	0.54	1.5
-1.35	6	57	0.54	2.1
-1.35	6	58	0.57	2.1
-1.35	6	58	0.57	2.3
-1.35	6	59	0.54	1.7
-1.35	6	59	0.62	2.1
-1.35	6	59	0.62	2.4
-1.35	6	59	0.68	1.9
-1.35	6	59	0.68	2.0
-1.35	6	60	0.50	1.8
-1.35	6	60	0.62	1.8
-1.35	6	60	0.62	2.3
-1.35	6	60	0.68	2.3
-1.35	6	61	0.59	1.9
-1.35	6	61	0.59	2.0
-1.35	6	61	0.62	1.7
-1.35	6	61	0.65	2.1
-1.35	6	61	0.65	2.2
-1.35	6	61	0.65	2.4
-1.35	6	61	0.68	1.9
-1.35	6	61	0.68	1.9
-1.35	6	61	0.68	2.0
-1.35	6	61	0.68	2.1
-1.35	6	61	0.68	2.2
-1.35	6	61	0.68	2.3
-1.35	6	61	0.89	3.3
-1.35	6	62	0.58	1.8
-1.35	6	62	0.59	1.9
-1.35	6	62	0.59	2.1
-1.35	6	62	0.59	2.4
-1.35	6	62	0.65	1.7
-1.35	6	62	0.65	2.0
-1.35	6	62	0.68	1.9
-1.35	6	62	0.68	2.0
-1.35	6	62	0.68	2.0
-1.35	6	62	0.68	2.1
-1.35	6	62	0.68	2.2
-1.35	6	62	0.74	2.6
-1.35	6	62	0.89	2.6
-1.35	6	63	0.36	1.0
-1.35	6	63	0.65	2.2
-1.35	6	63	0.65	2.4
-1.35	6	63	0.74	2.1
-1.35	6	63	0.74	2.2
-1.35	6	63	0.74	2.6
-1.35	6	63	0.80	2.9
-1.35	6	63	0.95	3.3
-1.35	6	64	0.56	1.6
-1.35	6	64	0.65	1.9
-1.35	6	64	0.65	2.1
-1.35	6	64	0.72	1.7
-1.35	6	64	0.72	2.0
-1.35	6	64	0.72	3.0
-1.35	6	64	0.89	2.5
-1.35	6	64	0.89	3.1
-1.35	6	64	0.89	3.2
-1.35	6	64	2.07	4.7
-1.35	6	65	0.59	2.2
-1.35	6	65	0.65	2.2
-1.35	6	65	0.65	2.2
-1.35	6	65	0.72	2.2
-1.35	6	65	0.80	2.3
-1.35	6	65	0.86	3.3
-1.35	6	65	0.95	3.2
-1.35	6	65	1.07	4.0
-1.35	6	65	1.30	4.4
-1.35	6	66	0.65	2.1
-1.35	6	66	0.72	1.7
-1.35	6	66	0.80	2.3
-1.35	6	66	0.80	2.7
-1.35	6	66	0.92	3.0
-1.35	6	66	1.04	3.9
-1.35	6	67	0.74	2.9
-1.35	6	67	0.77	2.4
-1.35	6	67	0.80	2.1
-1.35	6	67	0.80	2.3
-1.35	6	67	0.92	3.6
-1.35	6	67	1.13	3.9
-1.35	6	67	1.19	3.6
-1.35	6	68	0.65	2.0
-1.35	6	68	0.77	2.2
-1.35	6	68	0.82	2.9
-1.35	6	69	0.72	2.6
-1.35	6	70	0.90	3.1
-1.35	6	70	1.11	4.0
-1.35	6	70	1.13	3.9
-1.35	6	71	0.83	2.5
-1.35	6	74	0.48	1.5
-1.35	6	74	0.61	1.6
-1.35	6	74	0.63	1.8
-1.35	6	74	1.03	3.4
-1.35	6	76	0.40	1.3
-1.35	6	76	0.48	1.3
-1.35	6	76	0.48	1.6
-1.35	6	77	0.40	1.3
-1.35	6	77	0.47	1.3
-1.35	6	77	0.54	1.4
-1.35	6	77	0.61	1.8
-1.35	6	77	0.63	2.0
-1.35	6	77	0.69	2.1
-1.35	6	78	0.47	1.1
-1.35	6	78	0.61	1.6
-1.35	6	78	1.21	3.9
-1.35	6	79	0.40	0.9
-1.35	6	79	0.54	1.5
-1.35	6	79	0.61	2.1
-1.35	6	79	1.08	3.8
-1.35	6	80	0.47	1.2
-1.35	6	80	0.47	1.2
-1.35	6	80	0.54	1.4
-1.35	6	80	0.54	1.4
-1.35	6	80	0.54	1.4
-1.35	6	80	0.60	1.7
-1.35	6	80	0.61	1.8
-1.35	6	80	0.61	1.9
-1.35	6	80	0.87	3.1
-1.35	6	81	0.54	1.5
-1.35	6	81	0.54	1.7
-1.35	6	81	0.60	1.9
-1.35	6	81	0.60	2.0
-1.35	6	81	0.61	2.2
-1.35	6	81	0.68	2.0
-1.35	6	81	0.68	2.0
-1.35	6	81	0.88	3.0
-1.35	6	81	1.54	4.4
-1.35	6	82	0.47	1.3
-1.35	6	82	0.47	1.3
-1.35	6	82	0.54	1.3
-1.35	6	82	0.60	1.9
-1.35	6	82	0.68	2.3
-1.35	6	82	0.68	2.3
-1.35	6	82	0.68	2.4
-1.35	6	82	0.87	3.2
-1.35	6	82	0.93	2.8
-1.35	6	82	1.07	3.5
-1.35	6	83	0.54	1.8
-1.35	6	83	0.60	2.0
-1.35	6	83	0.61	2.1
-1.35	6	83	0.68	2.2
-1.35	6	83	0.81	2.8
-1.35	6	83	0.87	2.6
-1.35	6	84	0.40	1.1
-1.35	6	84	0.47	1.5
-1.35	6	84	0.54	1.8
-1.35	6	84	0.66	2.2
-1.35	6	84	0.66	2.3
-1.35	6	84	0.66	2.6
-1.35	6	84	0.81	3.0
-1.35	6	84	0.93	3.0
-1.35	6	84	1.13	3.2
-1.35	6	85	0.54	1.3
-1.35	6	85	0.54	1.8
-1.35	6	85	0.60	2.0
-1.35	6	86	0.86	3.3
-1.35	6	87	0.66	2.4
-1.35	6	87	0.79	2.6
-1.35	6	88	0.86	3.0
-1.35	6	89	0.86	3.1
-1.35	7.5	65	2.79	5.8
-1.35	7.5	67	2.40	5.3
-1.35	7.5	68	1.81	4.9
-1.35	7.5	69	2.08	5.0
-1.35	7.5	75	2.15	3.7
-1.35	7.5	76	1.85	5.4
-1.35	7.5	77	1.64	4.5
-1.35	7.5	78	1.50	4.7
-1.35	7.5	79	1.58	4.7
-1.35	7.5	80	1.63	4.3
-1.35	7.5	81	0.96	3.4
-1.35	7.5	81	1.15	3.5
-1.35	7.5	81	1.29	4.1
-1.35	7.5	81	1.86	4.9
-1.35	7.5	82	1.42	4.0
-1.35	7.5	83	1.28	4.3
-1.35	7.5	83	1.42	4.1
-1.35	7.5	83	1.62	4.6
-1.35	7.5	84	1.15	3.4
-1.35	7.5	84	1.15	4.0
-1.35	7.5	85	1.14	3.4
-1.35	7.5	85	1.21	4.1
-1.35	7.5	85	1.29	4.3
-1.35	7.5	86	1.07	3.6
-1.35	7.5	86	1.08	3.6
-1.35	7.5	86	1.15	4.0
-1.35	7.5	86	1.34	4.2
-1.35	7.5	87	0.94	3.5
-1.35	7.5	87	1.01	3.6
-1.35	7.5	87	1.01	3.8
-1.35	7.5	87	1.34	4.4
-1.35	7.5	88	0.74	2.7
-1.35	7.5	88	1.14	3.4
-1.35	7.5	88	1.14	4.0
-1.35	7.5	88	1.34	4.1
-1.35	7.5	89	1.07	3.4
-1.35	7.5	89	1.07	3.5
-1.35	7.5	89	1.07	3.7
-1.35	7.5	89	1.14	4.1
-1.35	7.5	90	0.81	2.5
-1.35	7.5	90	0.81	2.7
-1.35	7.5	90	0.87	2.8
-1.35	7.5	90	0.94	2.7
-1.35	7.5	90	1.07	2.1
-1.35	7.5	90	1.28	4.0
-1.35	7.5	90	1.34	4.7
-1.35	7.5	91	0.54	2.0
-1.35	7.5	91	0.60	1.9
-1.35	7.5	91	0.67	1.9
-1.35	7.5	91	0.74	2.7
-1.35	7.5	91	0.94	3.5
-1.35	7.5	91	1.07	4.0
-1.35	7.5	91	1.07	4.2
-1.35	7.5	92	0.60	2.2
-1.35	7.5	92	0.61	2.1
-1.35	7.5	92	0.67	1.7
-1.35	7.5	92	0.67	2.0
-1.35	7.5	92	0.67	2.3
-1.35	7.5	92	0.87	3.3
-1.35	7.5	92	1.28	4.7
-1.35	7.5	93	0.48	1.7
-1.35	7.5	93	0.60	2.3
-1.35	7.5	93	0.60	2.3
-1.35	7.5	93	0.61	2.2
-1.35	7.5	93	0.67	2.0
-1.35	7.5	93	0.67	2.3
-1.35	7.5	93	0.67	2.3
-1.35	7.5	93	0.67	2.8
-1.35	7.5	93	0.68	2.6
-1.35	7.5	93	0.87	2.8
-1.35	7.5	94	0.48	1.8
-1.35	7.5	94	0.54	2.0
-1.35	7.5	94	0.54	2.0
-1.35	7.5	94	0.60	2.0
-1.35	7.5	94	0.60	2.4
-1.35	7.5	94	0.61	2.4
-1.35	7.5	94	0.74	1.9
-1.35	7.5	94	0.74	2.1
-1.35	7.5	94	0.74	3.0
-1.35	7.5	94	0.81	2.8
-1.35	7.5	94	0.81	2.8
-1.35	7.5	94	0.81	2.8
-1.35	7.5	94	0.94	3.8
-1.35	7.5	94	0.95	3.2
-1.35	7.5	95	0.67	2.0
-1.35	7.5	95	1.01	3.8
-1.35	7.5	96	0.61	1.6
-1.35	7.5	96	0.61	1.8
-1.35	7.5	96	0.67	1.1
-1.35	7.5	96	0.67	2.6
-1.35	7.5	97	0.61	2.5
-1.35	7.5	97	0.67	2.4
-1.35	7.5	97	0.67	2.7
-1.35	7.5	97	0.68	2.6
-1.35	7.5	97	0.81	2.4
-1.35	7.5	98	0.48	1.4
-1.35	7.5	99	0.54	1.9
-1.35	7.5	99	0.54	1.9
-1.35	7.5	101	0.42	0.9
-1.35	7.5	106	0.42	1.1
-1.35	7.5	107	0.41	1.1
-1.35	9	51	0.40	1.0
-1.35	9	52	0.44	1.3
-1.35	9	53	1.66	5.6
-1.35	9	55	0.89	3.4
-1.35	9	56	1.15	4.6
-1.35	9	56	1.25	5.2
-1.35	9	57	0.40	1.1
-1.35	9	58	0.47	1.1
-1.35	9	58	0.85	3.0
-1.35	9	58	1.15	4.4
-1.35	9	58	1.22	4.7
-1.35	9	58	1.47	4.9
-1.35	9	59	0.72	3.1
-1.35	9	59	1.06	4.0
-1.35	9	59	1.06	4.4
-1.35	9	59	1.06	4.5
-1.35	9	59	1.53	5.0
-1.35	9	59	1.53	5.3
-1.35	9	59	1.56	5.2
-1.35	9	59	1.90	4.8
-1.35	9	59	2.47	6.2
-1.35	9	60	0.40	1.3
-1.35	9	60	0.50	1.1
-1.35	9	60	0.72	1.4
-1.35	9	60	2.08	6.3
-1.35	9	60	2.86	6.0
-1.35	9	61	0.56	1.6
-1.35	9	61	1.28	4.3
-1.35	9	61	1.47	4.0
-1.35	9	61	1.47	5.1
-1.35	9	61	1.53	4.9
-1.35	9	62	0.87	3.2
-1.35	9	62	1.24	4.4
-1.35	9	62	1.28	4.5
-1.35	9	62	1.37	3.9
-1.35	9	62	2.26	5.5
-1.35	9	63	0.53	1.6
-1.35	9	63	0.53	2.0
-1.35	9	63	0.62	1.4
-1.35	9	63	1.09	4.0
-1.35	9	63	1.40	4.1
-1.35	9	63	1.90	5.7
-1.35	9	64	1.09	4.3
-1.35	9	64	1.15	3.8
-1.35	9	64	1.18	4.2
-1.35	9	64	1.40	4.3
-1.35	9	65	0.53	1.2
-1.35	9	65	0.90	3.3
-1.35	9	65	1.24	4.3
-1.35	9	65	1.28	4.1
-1.35	9	65	1.31	3.8
-1.35	9	65	1.31	4.4
-1.35	9	65	1.40	4.1
-1.35	9	65	1.56	5.1
-1.35	9	65	1.58	4.7
-1.35	9	65	1.83	5.3
-1.35	9	66	0.53	1.5
-1.35	9	66	0.99	3.0
-1.35	9	66	1.31	4.7
-1.35	9	66	1.43	4.0
-1.35	9	66	1.81	5.5
-1.35	9	67	0.53	1.6
-1.35	9	67	1.28	4.1
-1.35	9	67	1.37	4.5
-1.35	9	67	1.96	4.4
-1.35	9	67	1.96	5.0
-1.35	9	68	0.44	1.6
-1.35	9	68	0.53	1.2
-1.35	9	68	0.53	1.6
-1.35	9	68	1.19	4.0
-1.35	9	68	1.28	3.8
-1.35	9	68	1.34	3.4
-1.35	9	68	1.62	4.3
-1.35	9	68	1.72	4.3
-1.35	9	69	0.44	1.7
-1.35	9	69	0.53	1.3
-1.35	9	69	0.59	1.9
-1.35	9	69	1.01	3.2
-1.35	9	69	1.10	3.1
-1.35	9	69	1.19	4.1
-1.35	9	69	1.40	3.7
-1.35	9	69	1.72	5.0
-1.35	9	70	0.53	1.7
-1.35	9	70	0.59	1.6
-1.35	9	70	0.97	3.3
-1.35	9	70	1.10	3.8
-1.35	9	70	1.25	3.9
-1.35	9	70	1.34	4.0
-1.35	9	71	0.44	1.6
-1.35	9	71	0.57	1.7
-1.35	9	71	0.94	3.4
-1.35	9	71	1.06	3.1
-1.35	9	71	1.10	3.2
-1.35	9	71	1.17	4.0
-1.35	9	71	1.17	4.6
-1.35	9	71	1.19	4.0
-1.35	9	72	0.72	2.7
-1.35	9	72	0.88	2.9
-1.35	9	72	0.94	3.4
-1.35	9	73	0.57	1.8
-1.35	9	73	1.03	3.4
-1.35	9	73	1.08	3.5
-1.35	9	74	0.88	2.7
-1.35	9	74	1.15	1.7
-1.35	9	75	0.64	1.2
-1.35	9	76	0.79	2.6
-1.35	9	76	1.13	3.4
-1.35	9	76	1.35	4.2
-1.35	9	77	0.57	1.1
-1.35	9	78	0.49	1.0
-1.35	9	78	0.86	1.9
-1.35	9	79	0.42	1.0
-1.35	9	79	0.56	1.3
-1.35	9	79	0.92	2.9
-1.35	9	79	0.92	2.8
-1.35	9	80	0.63	2.0
-1.35	9	80	0.64	1.9
-1.35	9	80	0.78	2.6
-1.35	9	80	0.99	2.8
-1.35	9	81	0.56	1.8
-1.35	9	81	0.97	3.0
-1.35	9	81	1.05	3.5
-1.35	9	82	0.49	1.4
-1.35	9	82	0.76	2.2
-1.35	9	83	0.63	2.7
-1.35	9	83	0.78	2.1
-1.35	9	84	0.78	2.1
-1.35	9	86	0.83	2.4
-1.35	10.5	67	3.94	6.6
-1.35	10.5	68	3.32	5.7
-1.35	10.5	69	3.29	5.5
-1.35	10.5	69	3.49	6.5
-1.35	10.5	70	2.81	5.8
-1.35	10.5	70	3.34	6.0
-1.35	10.5	70	3.53	6.5
-1.35	10.5	70	3.67	6.3
-1.35	10.5	70	4.91	6.0
-1.35	10.5	71	2.47	5.3
-1.35	10.5	71	2.76	5.3
-1.35	10.5	71	2.82	5.8
-1.35	10.5	71	2.87	5.6
-1.35	10.5	71	2.99	5.6
-1.35	10.5	71	3.04	5.2
-1.35	10.5	71	3.07	5.9
-1.35	10.5	71	3.16	5.8
-1.35	10.5	71	3.36	5.4
-1.35	10.5	72	1.78	4.4
-1.35	10.5	72	2.60	5.8
-1.35	10.5	72	4.23	6.1
-1.35	10.5	72	4.32	6.2
-1.35	10.5	72	4.81	6.4
-1.35	10.5	73	1.96	4.3
-1.35	10.5	73	2.67	5.7
-1.35	10.5	73	2.83	6.0
-1.35	10.5	73	3.19	6.1
-1.35	10.5	73	3.22	6.0
-1.35	10.5	74	1.71	4.7
-1.35	10.5	74	1.84	4.2
-1.35	10.5	74	2.49	5.2
-1.35	10.5	74	2.56	5.3
-1.35	10.5	74	2.58	5.0
-1.35	10.5	74	2.70	5.3
-1.35	10.5	74	2.86	5.5
-1.35	10.5	74	3.26	6.0
-1.35	10.5	74	3.48	5.8
-1.35	10.5	74	3.51	6.7
-1.35	10.5	74	4.55	7.5
-1.35	10.5	75	1.82	4.5
-1.35	10.5	75	2.00	4.8
-1.35	10.5	76	2.18	4.9
-1.35	10.5	76	2.21	5.0
-1.35	10.5	76	2.44	4.7
-1.35	10.5	76	2.61	5.5
-1.35	10.5	76	2.78	5.4
-1.35	10.5	77	2.83	5.3
-1.35	10.5	78	2.35	5.9
-1.35	10.5	78	2.65	5.8
-1.35	10.5	78	2.67	5.5
-1.35	10.5	78	2.80	6.2
-1.35	10.5	79	2.28	5.0
-1.35	10.5	79	2.90	6.2
-1.35	10.5	80	2.26	4.9
-1.35	10.5	80	2.49	5.6
-1.35	10.5	80	2.96	6.5
-1.35	10.5	82	1.54	4.4
-1.35	10.5	83	2.16	5.2
-1.35	10.5	87	1.38	4.4
-1.35	12	60	5.26	5.8
-1.35	12	63	5.50	7.2
-1.35	12	65	3.67	6.6
-1.35	12	65	3.73	6.0
-1.35	12	66	2.67	5.3
-1.35	12	66	3.28	6.4
-1.35	12	66	3.52	5.1
-1.35	12	67	2.87	5.0
-1.35	12	67	3.43	5.4
-1.35	12	68	3.45	6.3
-1.35	12	68	6.36	6.4
-1.35	12	69	2.87	5.3
-1.35	12	69	2.90	5.3
-1.35	12	69	4.30	6.1
-1.35	12	70	2.66	4.7
-1.35	12	70	3.32	5.4
-1.35	12	70	3.66	5.5
-1.35	12	70	5.08	5.4
-1.35	12	71	2.72	5.4
-1.35	12	71	3.19	5.1
-1.35	12	71	3.28	5.7
-1.35	12	71	3.45	6.3
-1.35	12	71	3.51	5.1
-1.35	12	72	2.47	5.2
-1.35	12	72	2.55	4.9
-1.35	12	72	2.76	5.2
-1.35	12	72	3.06	5.8
-1.35	12	72	3.11	5.6
-1.35	12	72	3.68	6.3
-1.35	12	73	2.30	4.7
-1.35	12	73	2.36	5.1
-1.35	12	73	2.66	5.7
-1.35	12	73	2.87	5.4
-1.35	12	74	1.78	4.8
-1.35	12	74	2.23	5.1
-1.35	12	74	2.58	5.3
-1.35	12	75	1.88	4.2
-1.35	12	79	1.75	4.7
0	1.5	45.4	1.0	2.2
0	1.5	55.0	0.9	1.9
0	1.5	12.6	0.8	4.3
0	1.5	9.8	0.7	4.1
0	1.5	61.5	0.9	2.0
0	1.5	10.1	0.7	4.2
0	1.5	50.7	0.9	2.4
0	1.5	50.7	1.1	2.6
0	1.5	14.8	0.7	3.5
0	1.5	71.3	0.9	2.0
0	1.5	78.1	0.8	2.0
0	1.5	78.4	0.8	1.7
0	1.5	65.0	0.8	2.3
0	1.5	70.3	0.7	2.2
0	1.5	75.8	0.6	2.0
0	1.5	66.9	0.8	2.2
0	1.5	63.2	0.8	1.9
0	1.5	16.2	0.9	3.1
0	1.5	65.6	0.9	2.0
0	1.5	70.7	0.9	2.3
0	1.5	68.0	1.0	2.1
0	1.5	42.2	0.4	1.5
0	1.5	38.2	0.7	1.9
0	1.5	73.0	0.7	1.8
0	1.5	41.3	0.8	1.9
0	1.5	40.2	0.6	2.0
0	1.5	84.8	0.5	1.9
0	1.5	50.5	0.7	1.8
0	1.5	13.4	0.8	3.7
0	1.5	10.5	0.9	4.3
0	1.5	50.5	0.8	2.2
0	1.5	80.4	0.7	1.9
0	1.5	65.4	0.7	1.7
0	1.5	62.0	0.8	1.9
0	1.5	60.9	1.0	2.0
0	1.5	26.9	0.8	2.5
0	1.5	71.0	0.7	2.4
0	1.5	22.2	0.7	2.9
0	1.5	28.7	0.6	2.1
0	1.5	25.7	0.7	2.5
0	1.5	21.0	0.7	2.6
0	1.5	24.4	0.7	2.8
0	1.5	78.7	0.8	0.9
0	1.5	31.7	0.7	2.2
0	1.5	68.3	0.8	2.2
0	1.5	81.6	0.7	2.3
0	1.5	54.4	0.8	1.6
0	1.5	32.1	1.2	3.0
0	1.5	44.2	0.8	2.0
0	1.5	74.1	0.9	2.2
0	1.5	59.4	0.9	1.9
0	1.5	16.4	0.6	3.0
0	1.5	81.8	0.6	1.8
0	1.5	23.2	0.8	2.6
0	1.5	26.9	0.8	2.5
0	1.5	30.4	0.7	2.5
0	1.5	25.8	0.8	2.5
0	1.5	30.4	0.6	1.8
0	1.5	8.4	0.9	4.4
0	1.5	48.7	0.6	3.1
0	1.5	53.0	0.8	2.1
0	1.5	52.7	0.7	2.1
0	1.5	22.2	0.8	2.6
0	1.5	59.3	0.9	2.0
0	1.5	64.8	0.7	1.6
0	1.5	54.5	0.8	2.2
0	1.5	55.1	0.8	1.4
0	1.5	32.7	0.6	2.1
0	1.5	59.9	1.0	2.0
0	1.5	47.8	1.0	2.4
0	1.5	20.4	0.5	2.3
0	1.5	15.9	0.6	2.3
0	1.5	60.8	0.8	2.0
0	1.5	59.9	0.9	2.1
0	1.5	21.2	0.9	3.8
0	1.5	25.8	0.7	2.7
0	1.5	79.2	0.8	2.0
0	1.5	72.4	0.8	1.6
0	1.5	64.5	0.8	2.2
0	1.5	75.5	0.5	1.6
0	1.5	69.0	1.0	2.2
0	1.5	61.1	1.1	2.6
0	1.5	45.6	0.6	2.0
0	1.5	46.2	0.5	2.0
0	1.5	79.6	0.6	2.4
0	1.5	79.2	0.6	1.9
0	1.5	13.5	0.6	3.1
0	1.5	58.1	0.8	1.9
0	1.5	72.5	0.7	2.2
0	1.5	80.8	0.7	0.8
0	1.5	86.6	0.6	1.7
0	1.5	17.8	0.7	4.3
0	1.5	59.3	0.9	2.1
0	1.5	31.1	0.7	2.3
0	1.5	33.8	0.6	2.0
0	1.5	75.2	0.9	2.5
0	1.5	26.1	1.1	3.2
0	1.5	74.7	0.6	1.8
0	1.5	68.4	0.7	1.7
0	1.5	67.9	0.7	1.8
0	1.5	68.8	0.7	1.6
0	1.5	46.2	0.8	2.0
0	1.5	39.2	0.9	2.0
0	1.5	49.5	0.8	1.9
0	1.5	76.1	0.6	1.6
0	1.5	57.2	0.9	2.0
0	1.5	31.6	0.8	2.3
0	1.5	30.3	0.8	2.3
0	1.5	71.1	0.7	2.1
0	1.5	14.6	0.9	4.0
0	1.5	34.6	0.8	1.8
0	1.5	63.9	0.7	1.7
0	1.5	56.0	0.9	2.3
0	1.5	17.7	0.8	2.9
0	1.5	67.0	0.7	1.5
0	1.5	61.1	0.8	1.7
0	1.5	23.6	0.7	1.7
0	1.5	22.3	0.7	2.1
0	1.5	62.1	0.8	1.8
0	1.5	57.6	0.8	1.9
0	1.5	27.8	1.0	3.5
0	1.5	41.1	0.8	1.7
0	1.5	49.0	0.6	1.1
0	1.5	39.8	0.7	1.4
0	1.5	56.0	0.7	1.1
0	1.5	79.9	0.7	0.8
0	1.5	77.8	0.7	1.5
0	1.5	84.5	0.7	1.8
0	1.5	56.3	1.2	2.5
0	1.5	8.9	0.6	3.2
0	1.5	77.4	0.7	1.7
0	1.5	19.5	0.8	2.9
0	1.5	19.9	0.6	2.6
0	1.5	17.9	0.8	3.8
0	1.5	7.6	0.5	3.1
0	1.5	21.8	0.7	2.9
0	1.5	25.9	0.8	2.4
0	1.5	35.2	0.7	1.4
0	1.5	72.7	0.9	2.2
0	1.5	35.4	0.6	1.5
0	1.5	62.7	0.7	1.7
0	1.5	41.3	0.8	1.9
0	1.5	51.2	0.6	1.4
0	1.5	76.1	0.5	1.4
0	1.5	86.5	0.7	1.8
0	1.5	47.8	0.6	1.1
0	1.5	55.8	0.7	1.2
0	1.5	57.9	0.5	1.2
0	1.5	45.7	0.6	1.6
0	1.5	54.7	1.3	2.8
0	1.5	40.1	1.1	2.2
0	1.5	48.8	1.4	2.7
0	1.5	18.7	0.9	2.9
0	1.5	25.3	0.9	2.8
0	1.5	19.2	0.6	3.2
0	1.5	30.2	0.9	3.0
0	1.5	38.1	0.8	1.9
0	1.5	54.0	0.6	1.5
0	1.5	55.2	0.4	1.4
0	1.5	52.6	0.5	1.4
0	1.5	40.2	0.6	1.8
0	1.5	35.5	0.7	2.4
0	3	69.7	0.8	1.5
0	3	34.5	0.9	2.2
0	3	63.7	0.8	2.5
0	3	82.9	1.0	2.7
0	3	30.9	1.6	3.2
0	3	66.2	1.3	2.5
0	3	81.2	1.0	2.5
0	3	83.4	0.9	2.5
0	3	61.7	1.3	2.7
0	3	88.2	0.8	2.5
0	3	77.4	1.0	2.3
0	3	75.3	1.1	2.5
0	3	73.0	0.9	2.6
0	3	32.8	1.3	2.9
0	3	81.2	1.0	2.5
0	3	79.4	1.1	2.8
0	3	83.4	0.9	2.7
0	3	54.8	1.2	2.9
0	3	83.7	0.9	2.7
0	3	80.7	1.0	3.0
0	3	85.2	0.8	2.8
0	3	84.3	0.9	2.7
0	3	74.8	1.0	2.6
0	3	78.9	1.0	2.5
0	3	64.2	1.0	2.4
0	3	55.2	1.3	2.9
0	3	69.1	1.2	2.8
0	3	69.4	1.5	2.7
0	3	81.0	0.9	2.8
0	3	64.1	1.2	2.8
0	3	82.2	1.0	3.1
0	3	65.3	1.0	2.5
0	3	64.7	1.1	1.7
0	3	86.4	0.9	3.0
0	3	47.3	1.4	3.1
0	3	74.0	0.9	2.3
0	3	62.7	0.9	2.3
0	3	66.5	0.9	2.4
0	3	71.5	0.8	2.2
0	3	86.1	0.8	2.4
0	3	85.3	0.8	2.5
0	3	85.6	0.8	2.4
0	3	86.4	0.8	2.2
0	3	65.0	1.1	2.7
0	3	58.1	1.0	2.4
0	3	61.8	1.0	2.5
0	3	82.3	0.9	2.6
0	3	83.8	0.8	2.8
0	3	57.3	1.0	2.6
0	3	84.1	1.0	2.8
0	3	61.6	1.0	2.5
0	3	73.1	0.9	2.5
0	3	43.3	1.1	2.8
0	3	41.0	1.0	2.7
0	3	42.5	1.0	2.5
0	3	39.5	1.0	2.6
0	3	48.1	1.0	2.8
0	3	43.4	1.0	2.4
0	3	51.1	1.2	2.7
0	3	66.5	1.3	3.2
0	3	58.8	1.3	3.1
0	3	81.6	1.5	3.5
0	3	56.3	1.7	3.2
0	3	44.0	1.1	3.1
0	3	71.6	1.1	2.9
0	3	79.2	0.9	3.0
0	3	80.9	1.5	2.9
0	3	85.8	0.8	2.9
0	3	67.2	1.4	3.1
0	3	60.8	1.3	2.8
0	3	68.1	1.1	2.9
0	3	55.9	1.1	2.7
0	3	77.3	1.0	2.9
0	3	50.3	1.0	2.5
0	3	62.6	0.9	2.3
0	3	78.7	0.9	2.5
0	3	68.2	1.2	2.8
0	3	77.3	1.0	2.6
0	3	63.2	1.0	2.4
0	3	67.8	0.9	2.6
0	3	76.3	0.9	2.7
0	3	70.1	0.9	2.6
0	3	40.6	1.4	3.3
0	3	90.0	0.9	2.9
0	3	85.4	0.8	2.8
0	3	85.0	0.9	2.9
0	3	27.3	1.3	3.6
0	3	66.2	1.0	2.4
0	3	53.9	1.0	2.7
0	3	42.4	1.0	2.6
0	3	58.3	1.0	2.5
0	3	54.0	1.0	2.6
0	3	34.0	1.2	3.4
0	3	65.3	0.9	2.6
0	3	69.7	0.8	2.5
0	3	64.2	1.3	3.1
0	3	71.6	0.8	2.5
0	3	57.6	1.1	2.8
0	3	69.9	0.8	2.6
0	3	67.9	0.8	2.4
0	3	72.7	1.0	2.7
0	3	83.2	0.9	3.2
0	3	72.1	1.0	2.6
0	3	78.5	0.9	2.7
0	3	69.7	0.9	2.6
0	3	60.3	0.9	2.6
0	3	57.3	1.1	2.9
0	3	66.2	1.0	2.6
0	3	62.8	1.1	2.9
0	3	68.5	0.8	2.4
0	3	73.9	0.7	2.4
0	3	73.4	0.8	2.4
0	3	90.6	0.6	2.0
0	3	78.5	0.8	2.1
0	3	73.9	0.8	2.5
0	3	79.9	0.9	2.6
0	3	74.3	0.9	2.3
0	3	70.5	0.8	2.3
0	3	41.6	1.1	3.0
0	3	66.0	1.5	3.2
0	3	35.3	1.1	3.2
0	3	34.9	1.4	3.4
0	3	64.2	1.6	3.5
0	3	44.2	0.9	2.8
0	3	34.6	1.0	3.4
0	3	72.1	1.1	2.9
0	3	27.0	1.3	3.4
0	3	42.4	1.0	2.6
0	3	39.3	1.0	2.5
0	3	50.3	1.0	2.5
0	3	71.9	0.8	2.4
0	3	77.0	0.9	2.5
0	3	74.7	1.0	2.7
0	3	67.2	1.0	2.5
0	3	73.9	1.0	3.0
0	3	73.2	1.0	2.8
0	3	88.5	0.9	2.9
0	3	80.9	1.2	2.8
0	3	92.2	1.0	2.8
0	3	82.8	1.0	2.7
0	3	98.3	0.6	2.9
0	3	80.4	0.9	2.9
0	3	89.2	1.0	2.7
0	3	76.1	1.2	3.1
0	3	86.2	1.0	3.2
0	3	83.5	0.9	2.9
0	3	45.6	1.2	2.8
0	3	48.2	1.1	3.1
0	3	83.8	0.9	3.3
0	3	51.3	1.2	2.6
0	3	47.1	1.0	3.0
0	3	61.7	1.1	2.7
0	3	60.2	1.0	2.7
0	3	61.0	1.0	2.6
0	3	70.4	0.8	2.2
0	3	74.2	0.9	2.5
0	3	67.6	1.0	2.9
0	3	71.3	0.9	2.1
0	3	76.7	0.8	2.8
0	3	73.6	0.8	2.3
0	3	68.9	1.0	2.7
0	3	52.1	1.0	2.7
0	3	76.7	1.5	3.0
0	3	80.2	0.9	2.9
0	3	65.7	1.0	1.9
0	3	81.5	0.9	2.6
0	3	57.7	1.1	2.9
0	3	68.3	1.0	2.7
0	3	67.9	1.0	2.8
0	3	79.8	0.8	3.1
0	3	31.8	1.3	3.5
0	4.5	44.8	1.4	3.8
0	4.5	44.7	1.4	3.7
0	4.5	53.5	1.3	3.6
0	4.5	64.1	0.9	2.8
0	4.5	56.4	1.5	3.5
0	4.5	73.9	1.0	2.6
0	4.5	60.5	1.2	3.0
0	4.5	64.6	1.0	2.8
0	4.5	77.9	1.1	2.9
0	4.5	49.3	1.4	3.1
0	4.5	39.7	1.4	3.5
0	4.5	75.4	1.0	2.7
0	4.5	82.9	1.0	2.5
0	4.5	73.3	0.9	2.8
0	4.5	69.8	0.9	2.6
0	4.5	89.6	1.1	2.7
0	4.5	71.1	0.9	2.8
0	4.5	83.4	0.9	2.5
0	4.5	71.9	0.8	2.2
0	4.5	77.1	1.0	2.8
0	4.5	86.0	0.8	2.5
0	4.5	87.5	0.8	2.4
0	4.5	73.9	1.0	2.9
0	4.5	83.8	0.9	2.7
0	4.5	88.1	0.8	2.3
0	4.5	70.1	1.0	2.6
0	4.5	85.3	1.0	2.5
0	4.5	76.8	1.0	2.5
0	4.5	85.9	0.9	2.3
0	4.5	78.7	0.8	2.2
0	4.5	78.0	1.1	2.9
0	4.5	92.7	0.9	2.4
0	4.5	84.6	0.9	2.6
0	4.5	86.8	0.9	2.7
0	4.5	77.5	0.9	2.5
0	4.5	88.7	1.1	2.5
0	4.5	81.6	1.0	2.9
0	4.5	74.9	0.9	2.6
0	4.5	49.8	1.5	3.3
0	4.5	87.9	1.0	2.7
0	4.5	86.4	1.0	2.6
0	4.5	94.1	0.8	2.3
0	4.5	81.5	0.9	2.5
0	4.5	86.0	0.9	2.6
0	4.5	95.1	0.7	2.5
0	4.5	92.3	0.8	2.6
0	4.5	90.7	0.8	2.3
0	4.5	88.8	0.9	2.2
0	4.5	89.6	0.9	2.7
0	4.5	71.7	1.0	2.9
0	4.5	72.1	1.0	2.1
0	4.5	93.3	0.8	2.5
0	4.5	80.1	1.0	2.7
0	4.5	88.1	0.8	2.3
0	4.5	88.6	0.8	2.3
0	4.5	74.8	1.0	2.8
0	4.5	76.9	1.4	3.2
0	4.5	88.7	0.9	2.5
0	4.5	88.1	0.8	2.4
0	4.5	87.1	0.9	2.7
0	4.5	83.1	1.1	3.2
0	4.5	88.7	0.9	2.6
0	4.5	84.6	1.0	3.1
0	4.5	91.9	0.8	2.4
0	4.5	88.8	0.8	2.7
0	4.5	84.4	0.8	2.6
0	4.5	79.5	1.1	3.1
0	4.5	85.8	1.1	3.0
0	4.5	82.5	0.8	2.5
0	4.5	52.3	1.2	4.0
0	4.5	34.5	1.3	4.2
0	4.5	32.5	1.3	3.9
0	4.5	45.8	1.4	4.2
0	4.5	52.5	1.2	3.8
0	4.5	47.5	1.0	3.9
0	4.5	40.8	1.2	4.0
0	4.5	48.8	1.0	3.7
0	4.5	48.1	1.1	4.1
0	4.5	58.9	0.9	3.7
0	4.5	55.8	1.0	3.6
0	4.5	58.3	0.8	2.7
0	4.5	48.5	1.0	2.9
0	4.5	56.7	0.8	2.7
0	4.5	58.2	0.8	2.8
0	4.5	49.3	0.8	3.0
0	4.5	56.0	1.0	3.2
0	4.5	48.7	0.9	3.4
0	4.5	63.1	0.8	2.1
0	4.5	60.0	0.8	2.8
0	4.5	58.2	0.8	2.3
0	4.5	51.7	1.0	3.1
0	4.5	58.4	0.8	3.0
0	4.5	55.7	0.8	2.9
0	4.5	55.2	0.8	2.5
0	4.5	49.0	1.2	3.4
0	4.5	53.2	1.1	3.1
0	4.5	62.6	0.8	2.8
0	4.5	61.1	1.0	2.9
0	4.5	51.1	1.3	3.2
0	4.5	51.9	1.0	2.4
0	4.5	54.6	0.8	2.5
0	4.5	54.0	0.8	2.7
0	4.5	53.9	1.2	3.2
0	4.5	55.3	0.6	1.3
0	4.5	56.4	0.6	1.3
0	4.5	54.7	0.7	1.9
0	4.5	57.9	0.7	1.4
0	4.5	58.5	0.7	1.9
0	4.5	59.0	0.8	2.0
0	4.5	58.5	0.9	2.6
0	4.5	61.9	0.7	1.8
0	4.5	57.8	0.7	2.2
0	4.5	56.2	1.0	2.2
0	4.5	53.8	1.0	2.6
0	4.5	55.4	0.8	2.4
0	4.5	52.9	0.9	2.7
0	4.5	58.7	0.6	2.0
0	4.5	53.3	0.9	2.7
0	4.5	57.9	0.9	2.5
0	4.5	57.9	1.0	2.1
0	4.5	54.6	0.8	2.3
0	4.5	57.1	0.9	2.3
0	4.5	57.3	0.7	1.8
0	4.5	55.4	0.6	1.4
0	4.5	58.6	0.8	2.0
0	4.5	61.6	0.6	1.6
0	4.5	52.6	1.0	3.0
0	4.5	58.7	0.6	1.9
0	4.5	54.5	1.1	3.2
0	4.5	55.0	1.0	2.5
0	4.5	61.5	0.7	1.8
0	4.5	64.1	0.6	2.2
0	4.5	63.0	0.7	2.1
0	4.5	46.3	0.6	0.4
0	4.5	51.3	0.6	1.0
0	4.5	52.3	0.5	1.1
0	4.5	46.0	1.1	3.4
0	4.5	59.8	0.7	1.8
0	4.5	56.3	0.6	1.2
0	4.5	63.4	0.6	1.0
0	4.5	62.5	0.5	1.1
0	4.5	64.3	0.7	1.8
0	4.5	56.6	0.7	1.4
0	4.5	58.2	0.6	1.6
0	4.5	54.2	0.7	1.9
0	4.5	57.1	0.6	1.3
0	4.5	55.0	0.5	1.1
0	4.5	64.6	0.4	0.8
0	4.5	58.7	0.7	1.5
0	4.5	58.7	0.6	1.3
0	4.5	60.7	0.5	1.4
0	4.5	65.6	0.7	1.3
0	4.5	70.8	0.6	0.7
0	4.5	64.2	0.6	1.1
0	4.5	68.1	0.6	1.2
0	4.5	66.5	0.8	1.5
0	4.5	69.2	0.7	1.2
0	4.5	63.3	0.8	1.8
0	4.5	62.1	0.4	1.1
0	4.5	61.8	0.6	1.6
0	4.5	62.4	0.8	2.0
0	4.5	58.7	0.5	1.2
0	4.5	61.3	0.6	1.3
0	4.5	66.5	0.5	1.2
0	4.5	62.9	0.6	1.4
0	4.5	66.7	0.4	1.1
0	4.5	61.9	0.7	2.0
0	4.5	66.1	0.6	1.4
0	4.5	57.9	0.7	1.8
0	4.5	56.2	0.6	1.2
0	4.5	62.7	0.5	1.3
0	4.5	56.2	0.7	1.4
0	4.5	56.9	1.0	2.5
0	4.5	57.5	0.7	1.4
0	4.5	63.6	0.7	1.3
0	4.5	66.5	0.6	1.5
0	4.5	64.5	0.6	1.1
0	4.5	89.7	0.7	2.0
0	4.5	85.1	0.9	2.6
0	4.5	89.1	0.7	2.3
0	4.5	87.4	0.8	2.6
0	4.5	89.5	0.7	2.1
0	4.5	87.3	0.8	2.4
0	4.5	85.6	0.9	2.6
0	4.5	85.4	0.7	2.0
0	4.5	76.0	0.9	2.7
0	4.5	80.7	0.9	2.7
0	4.5	87.5	0.7	2.4
0	4.5	83.6	0.8	2.6
0	4.5	86.1	0.8	2.4
0	4.5	87.2	0.8	2.3
0	4.5	85.3	0.7	2.0
0	4.5	80.6	0.9	2.8
0	4.5	89.3	0.7	2.3
0	4.5	89.5	0.8	2.3
0	4.5	86.3	0.7	2.4
0	4.5	88.3	0.8	2.6
0	4.5	85.6	0.9	2.5
0	4.5	86.0	0.7	2.2
0	4.5	76.5	0.8	2.7
0	4.5	83.0	0.8	2.4
0	4.5	85.9	0.7	2.4
0	4.5	48.0	1.4	3.4
0	4.5	82.4	0.8	2.4
0	4.5	84.3	0.7	2.0
0	4.5	85.3	0.6	1.9
0	4.5	83.7	0.7	2.3
0	4.5	86.0	0.7	2.0
0	4.5	85.4	0.7	2.4
0	4.5	88.0	0.6	1.9
0	4.5	86.8	0.6	1.9
0	4.5	86.2	0.7	2.2
0	4.5	84.9	0.7	2.2
0	4.5	84.9	0.7	2.3
0	4.5	87.0	0.8	2.0
0	4.5	87.7	0.7	2.2
0	4.5	85.8	0.7	2.3
0	4.5	87.1	0.7	2.3
0	4.5	87.8	0.8	2.0
0	4.5	87.7	0.6	1.9
0	4.5	88.5	0.6	1.8
0	4.5	89.7	0.6	1.9
0	4.5	88.0	0.6	2.2
0	4.5	83.1	0.7	2.5
0	4.5	85.7	0.6	1.8
0	4.5	86.2	0.8	2.4
0	4.5	89.7	0.6	2.0
0	4.5	80.1	0.7	2.3
0	4.5	87.0	0.7	2.2
0	6	49.3	1.4	4.2
0	6	48.0	1.7	4.7
0	6	47.9	1.9	4.6
0	6	48.2	1.5	3.6
0	6	42.1	1.7	4.2
0	6	52.1	1.1	3.4
0	6	53.5	1.3	3.5
0	6	52.2	1.2	3.5
0	6	55.0	1.3	3.8
0	6	57.2	1.3	3.7
0	6	58.4	1.1	3.6
0	6	68.6	1.3	3.6
0	6	52.1	1.6	4.3
0	6	58.0	1.1	3.5
0	6	47.6	1.6	3.3
0	6	53.5	1.5	3.6
0	6	46.0	1.6	3.8
0	6	57.2	1.3	3.7
0	6	53.0	1.5	3.7
0	6	50.8	1.4	3.9
0	6	66.0	1.3	3.6
0	6	57.9	1.5	4.0
0	6	54.6	1.5	3.8
0	6	62.4	1.2	3.6
0	6	57.5	1.1	3.4
0	6	43.0	1.9	4.6
0	6	50.4	1.4	4.2
0	6	56.2	1.5	3.8
0	6	58.2	1.4	3.6
0	6	52.7	1.4	3.8
0	6	50.3	1.4	3.5
0	6	49.9	1.5	4.1
0	6	60.4	1.0	3.1
0	6	58.2	1.1	3.3
0	6	49.6	0.9	3.0
0	6	57.2	1.0	3.3
0	6	65.4	1.1	3.0
0	6	58.7	1.2	3.7
0	6	60.3	1.1	3.4
0	6	63.9	1.1	3.1
0	6	50.3	1.5	4.1
0	6	65.5	1.1	3.0
0	6	60.6	1.1	3.0
0	6	67.4	1.3	3.4
0	6	61.9	1.1	3.1
0	6	64.3	1.1	3.0
0	6	52.4	1.2	3.3
0	6	62.4	1.1	3.3
0	6	59.0	1.3	3.2
0	6	57.9	1.0	3.1
0	6	50.9	1.2	3.6
0	6	64.2	1.1	3.2
0	6	58.1	1.3	3.4
0	6	55.6	1.2	3.5
0	6	60.7	1.0	3.4
0	6	53.0	1.1	3.6
0	6	68.3	1.0	3.0
0	6	45.5	1.4	4.1
0	6	69.2	1.0	1.9
0	6	68.4	1.1	3.3
0	6	61.3	1.5	4.1
0	6	69.2	1.3	3.6
0	6	72.5	1.2	3.4
0	6	57.7	1.4	4.0
0	6	59.1	1.5	4.1
0	6	72.3	1.1	3.0
0	6	58.8	1.4	3.7
0	6	56.8	1.5	4.0
0	6	53.7	1.5	4.2
0	6	57.5	1.5	3.7
0	6	62.2	1.1	3.5
0	6	63.1	0.9	3.0
0	6	62.4	0.9	3.4
0	6	57.1	1.1	3.5
0	6	62.3	1.2	3.5
0	6	57.4	1.0	3.3
0	6	64.1	1.4	3.9
0	6	64.9	1.2	3.5
0	6	64.2	1.0	3.3
0	6	60.8	1.1	3.5
0	6	63.0	0.9	2.8
0	6	60.7	1.0	2.5
0	6	62.5	1.0	2.6
0	6	58.9	0.9	2.5
0	6	61.3	0.8	2.3
0	6	61.6	0.9	2.6
0	6	67.8	1.2	3.2
0	6	67.7	1.1	2.8
0	6	75.2	0.8	2.3
0	6	67.2	1.0	2.8
0	6	63.3	0.9	2.5
0	6	72.4	0.9	2.5
0	6	78.9	0.9	2.7
0	6	69.9	1.1	2.9
0	6	64.2	1.0	3.0
0	6	73.7	0.8	2.1
0	6	74.9	1.2	3.3
0	6	69.2	1.0	2.5
0	6	67.7	0.9	2.6
0	6	76.7	1.2	2.6
0	6	59.5	1.3	3.6
0	6	66.8	1.1	3.1
0	6	75.5	1.0	2.7
0	6	76.3	1.0	2.7
0	6	63.9	1.1	3.3
0	6	66.5	1.0	2.8
0	6	80.1	0.9	2.1
0	6	82.3	0.9	2.3
0	6	65.9	1.0	2.7
0	6	66.1	1.0	2.9
0	6	68.9	1.0	2.8
0	6	61.4	1.0	2.9
0	6	66.7	1.1	2.8
0	6	59.5	1.0	3.4
0	6	77.7	0.9	2.6
0	6	72.2	1.1	2.7
0	6	68.8	1.1	2.7
0	6	68.1	0.9	2.8
0	6	77.4	0.9	2.5
0	6	71.2	1.0	3.1
0	6	72.4	0.9	2.4
0	6	68.9	1.0	3.2
0	6	72.5	1.0	3.2
0	6	77.1	1.2	3.3
0	6	70.6	0.9	2.9
0	6	69.4	1.0	3.0
0	6	75.1	0.9	2.9
0	6	74.4	1.0	2.9
0	6	71.2	1.1	3.1
0	6	59.6	1.0	3.4
0	6	70.8	0.6	1.4
0	6	74.4	0.6	2.0
0	6	75.8	0.6	2.0
0	6	78.3	0.7	1.9
0	6	81.1	0.7	2.1
0	6	54.2	1.2	3.4
0	6	56.9	1.4	3.8
0	6	57.1	1.2	3.7
0	6	60.7	1.2	3.6
0	6	62.5	0.9	2.6
0	6	62.8	1.2	3.6
0	6	61.4	1.3	3.6
0	6	66.0	1.1	3.1
0	6	73.2	1.5	3.2
0	6	56.2	1.2	3.9
0	6	62.6	1.1	3.0
0	6	68.5	1.0	3.4
0	6	57.8	1.0	3.6
0	6	70.8	1.0	3.3
0	6	66.8	1.0	3.1
0	6	70.1	1.1	3.5
0	6	62.9	1.0	3.5
0	6	60.1	0.9	3.4
0	6	61.9	1.1	3.1
0	6	57.4	1.5	3.5
0	6	70.6	1.4	3.5
0	6	58.3	1.4	3.6
0	6	71.5	1.2	3.4
0	6	65.6	1.0	3.1
0	6	61.6	1.2	3.8
0	6	68.3	0.9	3.3
0	6	78.3	1.0	3.2
0	6	69.8	0.9	2.6
0	6	66.5	0.9	2.8
0	6	69.8	1.0	2.8
0	6	68.5	1.2	2.9
0	6	68.5	1.2	2.9
0	6	69.3	1.5	3.2
0	6	75.4	1.1	2.9
0	6	68.3	0.9	2.8
0	6	61.6	1.0	3.1
0	6	71.8	1.0	2.9
0	6	70.6	1.1	2.8
0	6	74.4	1.4	2.8
0	6	66.6	1.0	2.9
0	6	72.8	1.1	2.9
0	6	70.9	1.0	2.8
0	6	76.1	1.1	3.0
0	6	80.0	1.0	2.7
0	6	72.8	1.0	2.9
0	6	53.8	1.2	3.8
0	6	72.3	1.2	3.1
0	6	85.6	0.9	2.2
0	6	76.0	1.0	3.0
0	6	68.1	1.1	3.1
0	6	63.9	1.0	3.3
0	6	71.8	1.0	2.9
0	6	61.0	1.1	3.4
0	6	76.1	0.9	2.7
0	6	66.3	1.3	3.3
0	6	66.9	1.1	3.3
0	6	73.3	1.1	3.1
0	6	69.0	1.0	3.0
0	6	70.0	1.1	3.0
0	6	68.0	1.8	3.1
0	6	73.0	1.1	3.2
0	6	67.0	1.1	3.4
0	6	63.3	0.9	3.0
0	6	70.0	1.1	2.9
0	6	75.1	1.3	3.1
0	6	67.1	1.0	0.7
0	6	66.2	1.0	3.0
0	6	73.3	1.1	3.2
0	6	75.2	1.0	3.2
0	6	80.9	0.8	2.5
0	6	64.9	1.2	3.7
0	6	80.7	1.0	3.1
0	6	83.9	1.0	2.8
0	6	74.8	1.2	3.2
0	6	73.6	1.1	3.2
0	6	78.9	1.0	3.1
0	6	68.5	1.0	3.1
0	6	81.2	0.9	2.6
0	6	75.4	1.0	3.0
0	6	70.4	1.1	3.3
0	6	76.4	0.9	2.6
0	6	63.8	1.0	3.2
0	6	68.5	1.1	3.1
0	6	59.6	1.2	3.6
0	7.5	61.7	3.7	4.4
0	7.5	66.4	2.3	3.9
0	7.5	64.0	2.9	4.7
0	7.5	67.8	2.1	3.8
0	7.5	62.3	3.2	5.0
0	7.5	61.9	2.4	4.5
0	7.5	62.6	3.1	4.8
0	7.5	67.9	2.4	4.7
0	7.5	64.0	3.9	4.9
0	7.5	67.1	2.2	4.3
0	7.5	62.0	2.6	4.4
0	7.5	67.0	2.2	4.2
0	7.5	64.1	2.4	4.6
0	7.5	63.0	3.6	5.2
0	7.5	60.2	3.5	5.0
0	7.5	63.5	3.3	5.1
0	7.5	65.2	1.9	4.5
0	7.5	64.9	2.5	4.4
0	7.5	60.6	2.7	4.3
0	7.5	62.6	3.3	5.1
0	7.5	67.1	2.3	4.2
0	7.5	68.2	2.2	4.6
0	7.5	67.9	2.0	4.2
0	7.5	60.6	2.6	4.9
0	7.5	63.0	2.1	4.5
0	7.5	60.3	2.9	5.0
0	7.5	64.3	2.1	4.0
0	7.5	61.2	2.4	4.2
0	7.5	71.3	1.9	4.0
0	7.5	63.5	3.2	5.0
0	7.5	60.8	2.8	4.6
0	7.5	65.6	2.6	4.7
0	7.5	57.7	2.9	4.7
0	7.5	74.1	1.7	3.9
0	7.5	60.7	3.1	5.0
0	7.5	80.8	1.5	3.8
0	7.5	73.1	1.9	3.8
0	7.5	85.2	1.5	3.4
0	7.5	85.6	1.5	3.7
0	7.5	85.3	1.3	3.5
0	7.5	81.6	1.8	4.1
0	7.5	81.3	1.6	3.8
0	7.5	86.3	1.9	4.4
0	7.5	78.3	1.8	4.2
0	7.5	80.3	1.5	3.7
0	7.5	81.0	1.4	3.6
0	7.5	79.8	1.9	4.1
0	7.5	79.4	1.5	3.6
0	7.5	105.0	0.9	1.1
0	7.5	80.9	1.3	3.6
0	7.5	61.0	0.8	1.3
0	7.5	120.1	0.8	1.2
0	7.5	81.4	1.7	4.3
0	7.5	90.4	1.4	3.9
0	7.5	79.9	1.6	4.2
0	7.5	79.8	1.6	3.5
0	7.5	85.2	2.4	4.2
0	7.5	81.9	1.4	3.1
0	7.5	80.5	1.6	4.2
0	7.5	75.9	1.7	4.2
0	7.5	84.9	1.3	3.7
0	7.5	85.4	1.6	4.0
0	7.5	78.6	1.7	3.7
0	7.5	87.2	1.3	3.7
0	7.5	79.8	1.8	4.2
0	7.5	76.7	1.6	4.0
0	7.5	68.7	2.3	4.4
0	7.5	50.4	1.0	2.2
0	7.5	76.2	0.9	3.9
0	7.5	54.4	1.7	2.0
0	7.5	98.9	0.6	1.1
0	7.5	116.6	0.6	1.0
0	7.5	89.3	0.9	2.6
0	7.5	86.1	1.3	3.4
0	7.5	92.2	1.2	3.4
0	7.5	92.8	1.0	2.3
0	7.5	95.0	1.5	3.8
0	7.5	99.4	1.0	2.7
0	7.5	89.2	1.4	3.7
0	7.5	89.7	1.4	3.6
0	7.5	83.8	1.3	3.7
0	7.5	69.5	2.8	4.7
0	7.5	74.6	2.7	4.0
0	7.5	75.6	2.4	4.7
0	7.5	71.7	2.8	4.8
0	7.5	81.1	1.9	4.1
0	7.5	71.1	3.2	4.2
0	7.5	80.8	2.2	4.4
0	7.5	78.4	1.9	4.2
0	7.5	79.7	2.6	5.0
0	7.5	79.0	2.2	4.5
0	7.5	80.1	2.0	4.2
0	7.5	83.1	1.8	4.0
0	7.5	73.1	2.5	4.6
0	7.5	82.5	2.1	4.5
0	7.5	76.0	2.9	4.6
0	7.5	112.6	0.6	1.0
0	7.5	73.2	2.7	4.4
0	7.5	123.5	1.0	1.6
0	7.5	131.3	0.9	1.6
0	7.5	78.5	2.2	2.7
0	7.5	124.9	1.1	1.4
0	7.5	76.3	2.7	4.3
0	7.5	72.1	2.2	3.4
0	7.5	49.5	2.3	4.7
0	7.5	49.7	2.4	4.6
0	7.5	48.6	2.9	5.3
0	7.5	59.5	2.2	4.6
0	7.5	49.7	2.3	4.9
0	7.5	59.1	2.0	4.5
0	7.5	48.5	2.5	4.7
0	7.5	49.7	3.5	5.8
0	7.5	49.3	2.4	5.2
0	7.5	50.2	2.4	5.1
0	7.5	50.4	2.5	5.1
0	7.5	63.9	1.6	3.9
0	7.5	55.4	2.2	4.6
0	7.5	56.0	1.6	4.0
0	7.5	56.1	1.7	4.1
0	7.5	64.3	1.6	4.5
0	7.5	67.2	1.4	4.0
0	7.5	54.6	2.2	5.0
0	7.5	52.3	1.9	4.4
0	7.5	63.6	1.6	4.2
0	7.5	62.5	1.6	4.2
0	7.5	50.6	2.6	4.6
0	7.5	57.0	1.7	4.5
0	7.5	64.4	1.9	4.7
0	7.5	53.8	2.0	4.4
0	7.5	56.4	1.9	4.1
0	7.5	63.4	2.1	3.8
0	7.5	54.1	2.1	4.4
0	7.5	59.2	1.4	3.8
0	7.5	60.9	1.7	4.0
0	7.5	55.8	2.1	4.5
0	7.5	64.8	1.8	4.4
0	7.5	62.0	1.7	4.3
0	7.5	58.9	2.2	4.4
0	7.5	56.5	2.0	4.2
0	7.5	65.8	1.0	3.9
0	7.5	74.1	1.1	3.1
0	7.5	67.7	1.1	2.8
0	7.5	68.4	1.1	2.9
0	7.5	67.9	1.9	4.3
0	7.5	62.2	1.5	3.9
0	7.5	67.2	1.5	3.9
0	7.5	70.5	1.2	3.3
0	7.5	59.1	1.5	4.2
0	7.5	72.9	1.2	3.2
0	7.5	74.7	1.1	3.1
0	7.5	61.6	1.4	3.8
0	7.5	68.7	1.3	3.8
0	7.5	70.3	1.0	3.3
0	7.5	68.4	1.6	4.4
0	7.5	75.0	1.1	3.3
0	7.5	65.2	1.4	4.0
0	7.5	74.4	1.0	3.0
0	7.5	66.4	1.4	4.0
0	7.5	67.4	1.3	3.6
0	7.5	61.4	1.4	3.6
0	7.5	64.7	1.1	2.9
0	7.5	64.0	1.4	3.6
0	7.5	66.9	1.4	3.7
0	7.5	58.2	1.7	4.2
0	7.5	56.8	1.7	4.2
0	7.5	61.7	1.7	4.4
0	7.5	63.1	1.3	4.0
0	7.5	68.8	1.4	4.0
0	7.5	72.4	1.4	4.1
0	7.5	66.5	1.3	3.7
0	7.5	54.3	2.0	4.3
0	7.5	52.5	1.9	4.2
0	7.5	68.0	1.4	3.5
0	7.5	76.2	0.8	1.5
0	7.5	69.3	1.3	3.3
0	7.5	71.2	0.9	2.7
0	7.5	66.3	1.2	3.2
0	7.5	68.6	1.2	3.2
0	7.5	77.8	0.9	2.8
0	7.5	81.0	1.1	3.2
0	9	51.9	3.0	5.0
0	9	52.7	2.8	4.8
0	9	50.7	4.7	5.9
0	9	54.7	2.7	5.3
0	9	57.0	2.3	5.3
0	9	55.8	2.4	5.1
0	9	58.6	2.8	5.2
0	9	58.6	2.3	4.2
0	9	55.4	3.1	5.0
0	9	58.4	2.1	4.8
0	9	55.2	3.3	5.5
0	9	54.9	3.2	4.0
0	9	54.7	2.3	3.2
0	9	57.1	2.5	5.0
0	9	55.7	3.1	4.9
0	9	54.6	2.9	4.9
0	9	59.3	2.3	4.9
0	9	58.6	4.1	5.5
0	9	57.4	3.3	5.1
0	9	63.4	2.6	5.0
0	9	61.9	2.6	4.8
0	9	61.5	2.5	4.6
0	9	60.5	3.2	5.1
0	9	64.9	1.8	4.8
0	9	64.6	1.9	3.5
0	9	60.4	3.1	4.7
0	9	60.6	3.6	5.5
0	9	64.4	3.6	4.5
0	9	67.9	2.5	4.2
0	9	70.8	1.7	4.1
0	9	72.4	2.3	4.9
0	9	71.1	1.8	4.2
0	9	70.8	1.6	4.1
0	9	67.7	2.4	5.2
0	9	71.1	2.0	4.3
0	9	72.7	2.0	4.5
0	9	70.1	2.0	4.3
0	9	73.5	1.8	4.3
0	9	60.0	4.6	5.4
0	9	61.1	3.0	4.9
0	9	56.0	4.5	5.1
0	9	60.7	4.0	5.2
0	9	62.6	3.0	4.5
0	9	61.3	2.2	3.7
0	9	60.8	2.7	4.8
0	9	59.6	4.2	5.0
0	9	62.0	2.7	4.8
0	9	62.7	3.3	4.7
0	9	63.7	2.3	4.4
0	9	74.6	2.1	4.7
0	9	77.3	1.8	4.5
0	9	62.8	2.3	4.9
0	9	63.3	2.5	4.7
0	9	75.0	1.7	4.6
0	9	67.6	2.1	4.9
0	9	73.7	2.2	4.5
0	9	61.0	2.8	4.6
0	9	68.5	2.7	4.8
0	9	74.7	1.8	4.0
0	9	69.6	1.7	4.1
0	9	77.4	1.6	4.3
0	9	77.4	1.6	3.9
0	9	73.6	2.0	4.3
0	9	72.3	1.7	4.0
0	9	77.0	1.4	3.8
0	9	75.6	1.8	4.5
0	9	67.8	2.0	3.6
0	9	75.6	1.8	4.5
0	9	77.4	1.4	3.9
0	9	75.7	2.1	4.1
0	9	77.7	1.6	4.1
0	9	83.6	0.7	1.2
0	9	94.7	0.8	1.0
0	9	108.7	0.6	0.7
0	9	80.2	0.7	1.6
0	9	58.3	2.1	5.1
0	9	59.2	2.1	5.3
0	9	75.6	1.3	4.2
0	9	59.7	2.0	2.8
0	9	57.6	2.3	5.1
0	9	60.4	1.9	5.0
0	9	56.9	2.3	5.1
0	9	57.0	2.2	5.1
0	9	81.3	0.9	3.8
0	9	81.2	1.4	4.3
0	9	57.5	2.1	4.9
0	9	56.0	2.5	5.0
0	9	58.2	2.2	5.3
0	9	57.3	2.2	4.8
0	9	65.2	1.9	5.1
0	9	62.6	1.6	4.7
0	9	76.3	1.1	3.6
0	9	62.9	1.6	4.1
0	9	78.2	1.1	3.7
0	9	75.6	1.3	4.4
0	9	73.9	1.2	4.2
0	9	78.5	1.0	3.2
0	9	74.7	1.2	3.7
0	9	76.8	1.3	3.8
0	9	77.8	1.1	3.5
0	9	76.7	1.2	3.9
0	9	74.8	1.2	3.8
0	9	66.9	1.0	0.8
0	9	66.3	1.6	4.6
0	9	73.8	1.3	4.1
0	9	66.0	1.7	4.7
0	9	44.1	1.0	2.8
0	9	74.2	1.2	3.7
0	9	78.1	1.3	4.1
0	9	52.6	2.1	4.2
0	9	70.9	1.6	4.7
0	9	50.5	2.4	5.3
0	9	73.9	1.2	3.1
0	9	78.6	0.8	3.4
0	9	78.6	0.9	3.5
0	9	68.3	1.4	4.6
0	9	68.6	1.4	4.2
0	9	68.6	1.4	4.2
0	9	71.2	1.1	4.0
0	9	66.8	1.6	4.6
0	9	64.8	1.6	4.6
0	9	66.8	1.8	5.0
0	9	68.3	1.6	4.7
0	9	67.5	1.6	4.2
0	9	81.0	1.0	3.5
0	9	79.6	0.7	3.0
0	9	66.3	1.4	4.5
0	9	65.5	1.4	4.3
0	9	64.8	1.5	4.6
0	9	79.6	0.9	3.2
0	9	79.2	0.8	3.2
0	9	50.1	3.0	5.1
0	9	81.1	0.8	3.1
0	9	64.7	1.6	5.0
0	9	64.0	1.4	4.5
0	9	61.3	1.7	4.9
0	9	54.8	1.9	5.1
0	9	63.9	1.6	4.4
0	9	66.8	1.1	4.0
0	9	64.0	1.6	4.7
0	9	71.7	1.2	3.5
0	9	62.8	1.7	4.3
0	9	65.9	1.7	4.8
0	9	82.0	1.4	1.1
0	9	58.2	1.9	5.1
0	9	78.5	0.8	3.2
0	9	58.3	2.1	5.0
0	9	72.9	1.3	4.3
0	9	67.4	1.3	4.6
0	9	71.7	1.1	3.8
0	9	64.8	1.9	4.7
0	9	70.5	1.3	3.7
0	9	62.3	1.6	2.4
0	9	88.7	1.0	1.4
0	9	67.8	1.5	4.1
0	9	74.8	1.5	3.1
0	10.5	74.3	2.4	5.3
0	10.5	76.3	1.9	5.1
0	10.5	77.2	2.0	5.0
0	10.5	46.7	0.8	2.4
0	10.5	74.1	2.1	4.9
0	10.5	50.4	0.7	2.3
0	10.5	48.5	1.0	2.5
0	10.5	50.5	0.9	2.4
0	10.5	72.5	2.4	4.6
0	10.5	42.7	1.0	2.8
0	10.5	45.8	0.8	2.4
0	10.5	44.0	0.8	2.4
0	10.5	86.2	1.0	1.3
0	10.5	103.5	0.8	1.4
0	10.5	78.4	1.1	1.2
0	10.5	78.7	1.1	1.4
0	10.5	111.9	1.4	1.4
0	10.5	62.1	4.1	5.9
0	10.5	59.0	4.5	5.6
0	10.5	62.3	4.8	6.4
0	10.5	61.2	4.6	5.2
0	10.5	60.4	3.1	5.5
0	10.5	60.8	2.7	5.7
0	10.5	60.0	2.8	5.4
0	10.5	56.0	3.9	6.1
0	10.5	59.2	2.9	5.5
0	10.5	58.4	3.4	6.0
0	10.5	59.8	2.7	5.6
0	10.5	58.5	3.0	6.0
0	10.5	60.9	2.6	5.3
0	10.5	57.4	3.4	5.6
0	10.5	58.6	3.6	6.0
0	10.5	57.4	5.0	5.6
0	10.5	54.3	3.6	6.6
0	10.5	60.8	2.8	5.1
0	10.5	60.1	3.1	5.2
0	10.5	59.5	3.3	5.5
0	10.5	55.1	3.4	6.4
0	10.5	54.2	3.5	5.6
0	10.5	53.6	3.1	5.5
0	10.5	54.8	3.2	5.4
0	10.5	59.8	2.8	5.0
0	10.5	74.2	1.2	3.8
0	10.5	54.4	3.2	5.5
0	10.5	52.3	0.8	2.8
0	10.5	52.2	0.8	2.0
0	10.5	53.2	3.3	4.9
0	10.5	57.8	2.7	5.6
0	10.5	52.9	4.3	6.2
0	10.5	54.5	4.7	6.2
0	10.5	56.3	4.0	6.2
0	10.5	59.8	2.1	4.6
0	10.5	63.6	2.0	5.0
0	10.5	58.2	2.6	5.0
0	10.5	56.0	3.0	5.0
0	10.5	58.7	2.6	5.3
0	10.5	57.5	3.0	5.8
0	10.5	55.1	3.0	5.2
0	10.5	60.1	2.5	4.9
0	10.5	60.9	2.2	4.9
0	10.5	54.0	3.6	5.9
0	10.5	59.9	2.7	5.2
0	10.5	57.7	3.1	5.5
0	10.5	56.5	3.5	5.8
0	10.5	82.4	1.1	3.6
0	10.5	72.3	1.5	4.1
0	10.5	57.2	3.8	5.5
0	10.5	75.5	1.0	3.5
0	10.5	65.5	1.6	4.1
0	10.5	56.3	2.4	4.9
0	10.5	59.5	2.0	4.7
0	10.5	68.6	1.7	4.2
0	10.5	66.3	1.7	4.9
0	10.5	64.6	2.1	5.2
0	10.5	63.4	1.9	4.8
0	10.5	65.8	1.7	4.4
0	10.5	52.8	3.6	5.9
0	10.5	85.8	1.1	3.4
0	10.5	59.3	2.4	5.4
0	10.5	62.1	2.1	5.1
0	10.5	59.2	3.2	5.6
0	10.5	63.9	2.1	4.5
0	10.5	84.8	1.1	3.6
0	10.5	56.1	2.7	5.4
0	10.5	61.2	2.0	4.8
0.9	3	356.7	0.9	5.3
0.9	3	38.4	0.8	2.6
0.9	3	42.0	0.8	2.6
0.9	3	35.7	1.2	2.8
0.9	3	16.1	2.7	3.7
0.9	3	48.6	2.1	2.7
0.9	3	41.3	1.6	2.3
0.9	3	1.6	0.6	4.3
0.9	3	358.7	0.9	5.4
0.9	3	359.8	0.9	6.0
0.9	3	1.5	0.7	4.8
0.9	3	57.4	1.0	2.0
0.9	3	44.0	0.7	2.7
0.9	3	54.6	0.8	2.4
0.9	3	13.5	1.5	3.6
0.9	3	20.7	1.5	3.5
0.9	3	5.9	1.2	4.4
0.9	3	16.8	0.8	3.3
0.9	3	356.4	0.8	6.0
0.9	3	14.1	0.8	2.9
0.9	3	13.9	0.8	2.7
0.9	3	39.8	1.0	2.2
0.9	3	40.0	1.0	2.2
0.9	3	13.1	0.8	3.7
0.9	3	32.8	0.5	2.0
0.9	3	33.7	0.7	2.4
0.9	3	352.1	1.3	6.0
0.9	3	351.7	1.7	6.0
0.9	3	355.0	1.0	5.9
0.9	3	348.3	0.9	8.0
0.9	3	21.4	0.8	3.2
0.9	3	26.5	0.8	2.9
0.9	3	0.9	1.5	5.8
0.9	3	1.4	0.7	5.0
0.9	3	24.8	0.8	3.2
0.9	3	358.9	0.8	4.7
0.9	3	0.5	1.4	5.7
0.9	3	11.2	0.8	3.5
0.9	3	60.1	1.3	2.1
0.9	3	36.4	1.5	2.7
0.9	3	33.8	1.4	2.8
0.9	3	7.8	1.2	4.3
0.9	3	13.2	1.8	3.8
0.9	3	352.7	1.5	6.2
0.9	3	341.5	1.7	9.2
0.9	3	347.5	2.4	8.5
0.9	3	348.8	1.3	7.3
0.9	3	345.8	1.6	8.4
0.9	3	345.8	1.9	8.1
0.9	3	358.9	1.2	5.5
0.9	3	353.3	0.5	3.6
0.9	3	356.4	0.7	3.3
0.9	3	357.7	0.7	4.9
0.9	3	0.5	1.1	4.3
0.9	3	358.7	1.0	4.5
0.9	3	350.5	0.7	6.3
0.9	3	350.5	1.1	5.2
0.9	3	356.9	1.0	3.0
0.9	3	1.4	0.7	3.2
0.9	3	1.5	0.9	4.0
0.9	3	1.1	0.7	3.9
0.9	3	9.3	0.7	3.0
0.9	3	8.1	0.7	3.0
0.9	3	346.0	2.1	8.3
0.9	3	8.5	0.7	2.6
0.9	3	346.5	1.2	8.0
0.9	3	345.1	1.9	7.3
0.9	3	347.5	1.1	6.6
0.9	3	357.7	1.2	4.4
0.9	3	29.3	0.7	2.5
0.9	3	345.8	1.8	7.3
0.9	3	343.1	2.3	8.1
0.9	3	353.8	1.3	5.3
0.9	3	357.2	1.2	5.4
0.9	3	40.5	1.0	2.7
0.9	3	352.8	1.3	3.5
0.9	3	9.5	1.0	3.2
0.9	3	28.3	0.8	2.2
0.9	3	14.9	0.8	2.6
0.9	3	24.9	0.7	2.4
0.9	3	31.9	0.6	2.2
0.9	3	19.5	0.7	2.4
0.9	4.5	9.6	1.7	6.2
0.9	4.5	74.9	1.7	1.7
0.9	4.5	26.0	1.7	4.4
0.9	4.5	24.8	1.3	4.1
0.9	4.5	42.4	1.7	3.7
0.9	4.5	22.2	0.9	3.2
0.9	4.5	47.9	0.7	3.0
0.9	4.5	41.3	1.4	3.2
0.9	4.5	55.3	1.4	3.1
0.9	4.5	40.7	1.3	3.6
0.9	4.5	52.5	0.9	2.8
0.9	4.5	44.5	1.0	3.6
0.9	4.5	22.0	2.0	4.9
0.9	4.5	34.1	1.6	3.9
0.9	4.5	29.0	1.0	4.2
0.9	4.5	64.9	1.1	2.6
0.9	4.5	56.4	1.2	2.8
0.9	4.5	66.3	1.4	3.0
0.9	4.5	36.5	2.0	4.0
0.9	4.5	51.2	1.6	3.5
0.9	4.5	53.0	1.9	3.1
0.9	4.5	52.7	1.5	3.2
0.9	4.5	30.8	1.0	3.2
0.9	4.5	32.9	1.8	4.1
0.9	4.5	31.5	1.4	3.4
0.9	4.5	38.2	1.0	2.6
0.9	4.5	46.6	1.5	3.2
0.9	4.5	49.9	1.5	3.4
0.9	4.5	70.7	1.2	2.0
0.9	4.5	50.2	1.5	3.0
0.9	4.5	26.3	1.7	4.4
0.9	4.5	60.6	0.7	3.0
0.9	4.5	48.0	0.7	3.1
0.9	4.5	55.1	1.4	3.1
0.9	4.5	50.8	1.4	3.3
0.9	4.5	41.0	1.5	3.7
0.9	4.5	80.7	1.6	1.8
0.9	4.5	22.6	2.1	4.9
0.9	4.5	34.5	0.9	3.3
0.9	4.5	43.1	0.7	3.2
0.9	4.5	33.4	1.8	3.9
0.9	4.5	66.4	1.0	2.4
0.9	4.5	18.2	1.0	5.0
0.9	4.5	30.4	1.2	4.1
0.9	4.5	33.8	0.9	3.6
0.9	4.5	27.2	1.0	4.2
0.9	4.5	44.0	1.4	2.4
0.9	4.5	37.4	0.9	4.1
0.9	4.5	49.7	0.6	2.9
0.9	4.5	47.6	0.8	2.7
0.9	4.5	44.6	0.9	2.9
0.9	4.5	45.6	1.4	4.0
0.9	4.5	49.3	1.1	3.2
0.9	4.5	60.6	1.2	3.0
0.9	4.5	24.6	1.5	4.0
0.9	4.5	30.9	2.0	4.0
0.9	4.5	48.7	1.4	3.3
0.9	4.5	59.3	1.2	2.8
0.9	4.5	72.4	1.1	2.2
0.9	4.5	63.0	1.3	2.7
0.9	4.5	53.8	1.9	3.2
0.9	4.5	68.2	1.5	2.9
0.9	4.5	54.3	1.4	3.0
0.9	4.5	51.3	1.5	2.9
0.9	4.5	68.0	1.3	2.6
0.9	6	38.9	2.0	4.5
0.9	6	43.6	1.4	3.9
0.9	6	43.3	1.8	3.9
0.9	6	48.0	1.5	3.5
0.9	6	63.9	1.2	3.1
0.9	6	39.0	2.1	4.1
0.9	6	41.1	1.4	3.8
0.9	6	39.2	1.7	4.1
0.9	6	76.0	2.4	3.9
0.9	6	76.5	1.5	3.3
0.9	6	85.4	1.1	2.1
0.9	6	86.4	0.6	1.6
0.9	6	83.0	0.8	2.2
0.9	6	40.2	2.5	4.6
0.9	6	56.9	1.7	3.5
0.9	6	53.6	1.4	3.6
0.9	6	50.1	1.7	3.9
0.9	6	54.9	1.8	3.9
0.9	6	60.4	1.9	3.7
0.9	6	52.0	1.9	4.0
0.9	6	48.2	1.8	4.0
0.9	6	53.8	2.8	4.4
0.9	6	61.4	1.7	3.7
0.9	6	60.5	1.8	3.4
0.9	6	56.2	1.8	3.9
0.9	6	71.3	1.0	2.0
0.9	6	71.0	1.5	3.4
0.9	6	45.3	1.9	3.9
0.9	6	50.2	2.0	4.0
0.9	6	45.4	2.2	4.2
0.9	6	73.5	1.8	3.5
0.9	6	50.7	1.7	3.8
0.9	6	50.3	1.9	4.0
0.9	6	59.7	1.6	3.6
0.9	6	62.0	1.5	3.6
0.9	6	85.3	1.2	2.8
0.9	6	70.1	0.9	3.1
0.9	6	29.8	2.9	4.8
0.9	6	51.1	1.6	3.2
0.9	6	45.0	1.8	3.8
0.9	6	69.9	1.1	3.1
0.9	6	63.1	1.4	3.3
0.9	6	55.3	1.7	3.4
0.9	6	64.6	1.3	3.0
0.9	6	42.9	2.6	4.5
0.9	6	59.1	2.0	3.8
0.9	6	71.8	1.8	3.8
0.9	6	53.4	2.3	4.1
0.9	6	50.4	2.4	4.3
0.9	6	44.2	2.0	4.4
0.9	6	39.5	2.5	4.6
0.9	6	70.7	1.2	3.1
0.9	6	42.9	1.9	3.9
0.9	6	50.2	2.2	3.8
0.9	6	41.1	2.1	4.2
0.9	6	55.5	2.0	4.0
0.9	6	60.8	1.8	3.5
0.9	6	72.7	1.1	3.2
0.9	6	64.1	1.7	3.8
0.9	6	56.5	1.6	3.7
0.9	6	76.8	1.1	2.9
0.9	6	79.9	1.3	3.5
0.9	6	57.8	1.9	3.7
0.9	6	51.0	2.0	4.0
0.9	6	57.1	2.0	3.5
0.9	6	50.1	1.6	3.6
0.9	6	46.0	1.8	4.0
0.9	6	57.7	1.7	3.5
0.9	6	62.8	1.5	3.1
0.9	6	60.5	1.5	3.7
0.9	6	73.9	1.2	2.9
0.9	6	70.3	1.3	3.1
0.9	6	61.1	1.7	3.5
0.9	6	73.8	1.4	3.0
0.9	6	58.3	1.8	3.9
0.9	7.5	53.1	1.8	4.1
0.9	7.5	61.1	1.6	3.4
0.9	7.5	53.7	1.8	3.8
0.9	7.5	56.8	1.9	3.8
0.9	7.5	53.8	1.7	3.8
0.9	7.5	42.3	2.4	4.3
0.9	7.5	43.3	2.4	4.2
0.9	7.5	43.5	2.3	4.2
0.9	7.5	46.8	1.8	4.0
0.9	7.5	54.3	2.1	3.7
0.9	7.5	42.3	2.1	4.3
0.9	7.5	58.1	1.2	3.7
0.9	7.5	43.3	1.9	4.1
0.9	7.5	44.5	1.7	3.9
0.9	7.5	49.3	1.8	4.1
0.9	7.5	64.9	1.4	3.1
0.9	7.5	58.1	1.5	3.6
0.9	7.5	60.4	1.3	3.2
0.9	7.5	45.3	1.8	4.1
0.9	7.5	37.7	2.0	4.5
0.9	7.5	40.2	2.1	4.5
0.9	7.5	40.3	2.8	4.6
0.9	7.5	40.0	2.1	4.5
0.9	7.5	49.7	1.8	3.8
0.9	7.5	40.7	2.2	4.4
0.9	7.5	40.9	1.8	4.2
0.9	7.5	54.4	1.4	2.4
0.9	7.5	80.8	1.1	1.9
0.9	7.5	40.8	1.6	3.9
0.9	7.5	52.6	1.4	3.8
0.9	7.5	49.8	1.6	3.6
0.9	7.5	43.3	1.0	3.9
0.9	7.5	36.2	1.6	4.1
0.9	7.5	52.4	1.5	3.5
0.9	7.5	50.7	1.5	3.4
0.9	7.5	44.1	1.6	4.0
0.9	7.5	34.6	2.4	4.9
0.9	7.5	48.7	1.8	4.0
0.9	7.5	54.9	1.9	3.5
0.9	7.5	43.7	2.1	4.1
0.9	7.5	46.8	2.3	3.9
0.9	7.5	55.7	1.6	1.9
0.9	7.5	75.3	1.7	1.5
0.9	7.5	64.4	1.1	3.2
0.9	7.5	56.1	1.8	3.6
0.9	7.5	53.6	2.0	3.7
0.9	7.5	45.9	2.1	4.1
0.9	7.5	56.4	1.3	3.4
0.9	7.5	49.7	1.8	3.8
0.9	7.5	46.2	2.0	4.1
0.9	7.5	33.1	1.7	4.6
0.9	7.5	47.6	1.5	3.6
0.9	7.5	30.2	2.9	5.2
0.9	7.5	46.3	1.6	4.1
0.9	7.5	49.7	1.6	3.3
0.9	7.5	29.8	2.5	4.9
0.9	7.5	41.0	1.1	4.0
0.9	7.5	36.6	1.9	4.4
0.9	7.5	47.1	1.7	4.0
0.9	7.5	27.7	2.5	4.4
0.9	9	53.4	3.3	5.2
0.9	9	59.0	1.8	4.4
0.9	9	53.8	2.1	4.7
0.9	9	37.9	4.5	6.1
0.9	9	44.2	2.5	5.2
0.9	9	55.4	1.7	4.2
0.9	9	54.4	2.3	5.0
0.9	9	66.3	1.5	3.8
0.9	9	43.7	3.1	5.5
0.9	9	55.6	1.7	4.3
0.9	9	53.7	2.2	4.6
0.9	9	52.9	2.8	5.0
0.9	9	56.3	2.3	4.5
0.9	9	53.0	2.3	4.7
0.9	9	48.1	3.0	5.0
0.9	9	50.6	2.4	4.5
0.9	9	44.0	3.3	5.3
0.9	9	48.5	3.1	5.1
0.9	9	38.7	3.9	5.8
0.9	9	41.9	2.5	5.5
0.9	9	52.0	1.8	4.2
0.9	9	46.6	2.9	5.2
0.9	9	51.6	3.2	5.4
0.9	9	50.1	3.1	5.2
0.9	9	49.8	2.8	4.8
0.9	9	49.8	3.1	5.3
0.9	9	51.1	2.4	4.7
0.9	9	52.4	1.7	4.2
0.9	9	46.0	2.7	4.6
0.9	9	41.8	2.8	5.4
0.9	9	42.4	3.0	4.8
0.9	9	59.3	1.9	4.0
0.9	9	64.0	1.7	4.3
0.9	9	55.7	3.3	5.0
0.9	9	69.6	2.0	4.2
0.9	9	59.9	2.5	4.6
0.9	9	43.9	2.9	5.3
0.9	9	53.7	2.2	4.7
0.9	9	54.2	2.3	4.7
0.9	9	56.4	2.3	4.5
0.9	9	35.9	3.0	5.5
0.9	9	41.8	3.0	5.4
0.9	9	43.0	2.8	5.6
0.9	9	58.6	1.9	4.3
0.9	9	41.3	3.4	5.3
0.9	9	43.6	3.6	6.3
0.9	9	56.4	2.7	4.7
0.9	9	60.6	2.1	3.7
0.9	9	61.4	1.6	3.9
0.9	9	50.6	2.3	4.9
0.9	9	48.5	2.1	4.7
0.9	9	50.1	1.9	4.7
0.9	9	50.2	2.1	4.6
0.9	9	51.2	2.4	4.1
0.9	9	51.6	1.9	4.6
0.9	9	57.6	1.8	4.1
0.9	9	49.3	2.2	4.8
0.9	9	44.2	3.7	5.4
0.9	9	46.5	2.7	5.2
0.9	9	49.6	2.1	4.5
0.9	9	66.8	1.7	3.9
1.4	4.5	1.5	1.2	5.9
1.4	4.5	0.9	1.2	5.9
1.4	4.5	0.2	1.1	6.2
1.4	4.5	6.1	1.4	5.7
1.4	4.5	356.5	1.4	7.6
1.4	4.5	15.4	1.1	4.1
1.4	4.5	26.2	0.7	3.1
1.4	4.5	32.9	0.7	2.8
1.4	4.5	45.5	0.6	2.8
1.4	4.5	30.5	0.9	2.8
1.4	4.5	12.2	0.9	4.3
1.4	4.5	29.2	1.0	3.0
1.4	4.5	9.4	0.8	4.9
1.4	4.5	47.9	0.5	2.2
1.4	4.5	4.4	1.0	5.6
1.4	4.5	12.8	0.8	4.4
1.4	4.5	7.9	1.0	5.2
1.4	4.5	16.2	1.0	4.2
1.4	4.5	9.6	1.1	5.4
1.4	4.5	4.3	1.5	5.9
1.4	4.5	40.3	0.8	2.9
1.4	4.5	18.1	1.1	4.2
1.4	4.5	6.5	1.5	5.2
1.4	4.5	5.1	1.4	5.2
1.4	4.5	4.9	1.1	4.8
1.4	4.5	2.5	1.2	4.9
1.4	4.5	5.6	1.3	5.8
1.4	4.5	10.9	0.8	4.2
1.4	4.5	5.4	0.9	4.1
1.4	4.5	61.4	0.8	2.1
1.4	4.5	30.7	0.7	2.4
1.4	4.5	42.6	0.6	1.9
1.4	4.5	9.0	0.8	3.5
1.4	4.5	36.5	0.8	2.4
1.4	4.5	25.5	1.0	2.7
1.4	4.5	16.2	0.8	3.4
1.4	4.5	47.5	0.8	2.5
1.4	4.5	49.9	0.6	2.2
1.4	4.5	36.6	0.8	2.9
1.4	4.5	56.9	0.5	2.1
1.4	4.5	58.2	0.6	2.3
1.4	4.5	15.0	0.9	3.7
1.4	4.5	5.6	1.0	4.2
1.4	4.5	7.5	1.4	5.0
1.4	4.5	5.8	0.9	4.3
1.4	4.5	2.0	1.4	6.1
1.4	4.5	20.7	0.5	3.0
1.4	4.5	15.2	0.7	3.4
1.4	4.5	18.7	0.8	3.7
1.4	4.5	12.9	0.8	4.1
1.4	4.5	21.0	0.8	3.7
1.4	4.5	33.3	1.0	3.2
1.4	4.5	29.2	0.7	2.6
1.4	4.5	4.8	1.2	5.0
1.4	4.5	16.3	1.1	4.6
1.4	4.5	8.9	1.3	5.0
1.4	4.5	50.7	0.9	2.4
1.4	4.5	2.5	2.4	6.6
1.4	4.5	19.1	0.7	2.6
1.4	4.5	50.1	0.8	2.4
1.4	4.5	30.8	0.6	2.7
1.4	4.5	30.4	0.8	2.7
1.4	4.5	34.7	0.5	2.3
1.4	4.5	30.7	0.5	2.4
1.4	4.5	42.2	0.7	2.9
1.4	4.5	45.6	0.6	2.3
1.4	4.5	4.6	1.1	4.8
1.4	4.5	15.0	0.8	3.6
1.4	4.5	5.1	1.1	4.0
1.4	4.5	24.6	0.7	3.0
1.4	4.5	19.1	0.8	3.5
1.4	4.5	15.0	0.8	3.6
1.4	4.5	15.9	0.7	3.8
1.4	4.5	17.8	0.7	3.4
1.4	4.5	7.8	0.9	4.8
1.4	4.5	18.6	0.7	3.4
1.4	4.5	11.6	0.9	3.9
1.4	4.5	10.1	1.2	4.3
1.4	4.5	30.7	0.6	2.8
1.4	4.5	33.0	0.8	3.5
1.4	4.5	18.5	1.1	3.8
1.4	4.5	14.1	2.0	4.9
1.4	4.5	20.1	0.9	3.3
1.4	4.5	32.7	0.9	3.0
1.4	4.5	43.3	0.5	2.5
1.4	4.5	14.5	1.0	3.2
1.4	4.5	23.5	1.0	3.0
1.4	4.5	16.3	1.0	3.7
1.4	4.5	15.6	1.3	3.8
1.4	4.5	40.5	0.6	2.4
1.4	4.5	40.4	1.0	3.1
1.4	4.5	36.4	1.1	3.0
1.4	4.5	19.0	1.2	3.9
1.4	4.5	5.1	1.4	5.1
1.4	4.5	25.5	0.8	3.0
1.4	4.5	34.1	0.9	2.6
1.4	4.5	50.6	0.8	2.5
1.4	4.5	48.8	0.6	2.1
1.4	4.5	45.1	0.8	2.6
1.4	4.5	14.1	1.3	4.4
1.4	4.5	58.5	0.5	2.3
1.4	4.5	23.6	0.7	2.9
1.4	4.5	24.7	1.0	2.9
1.4	4.5	35.7	0.7	2.7
1.4	4.5	46.1	0.8	2.6
1.4	4.5	36.4	0.7	2.9
1.4	4.5	42.7	0.6	2.6
1.4	6	37.6	1.4	4.1
1.4	6	22.3	1.4	4.9
1.4	6	23.1	1.7	4.4
1.4	6	52.3	0.8	2.9
1.4	6	31.3	1.5	4.1
1.4	6	37.5	0.9	3.9
1.4	6	17.0	3.8	5.7
1.4	6	59.1	1.3	3.2
1.4	6	25.1	2.6	4.9
1.4	6	37.6	1.0	4.1
1.4	6	40.6	1.0	3.5
1.4	6	50.0	0.9	3.1
1.4	6	27.0	2.0	4.4
1.4	6	33.1	2.1	4.5
1.4	6	54.7	0.8	3.4
1.4	6	66.3	0.7	2.7
1.4	6	48.6	0.9	3.3
1.4	6	53.3	1.7	3.0
1.4	6	26.2	1.0	4.0
1.4	6	32.1	1.4	3.4
1.4	6	33.1	1.3	3.8
1.4	6	41.9	0.8	2.9
1.4	6	37.6	0.9	3.5
1.4	6	29.9	0.7	3.6
1.4	6	42.7	0.8	3.0
1.4	6	23.1	1.6	5.1
1.4	6	22.3	1.4	4.8
1.4	6	25.4	2.0	4.8
1.4	6	30.5	1.9	4.2
1.4	6	39.1	1.6	3.5
1.4	6	48.9	1.5	3.6
1.4	6	51.5	1.2	3.2
1.4	6	26.5	2.2	4.9
1.4	6	29.3	1.1	4.5
1.4	6	60.4	0.7	2.7
1.4	6	61.6	0.8	2.7
1.4	6	70.5	0.8	2.3
1.4	6	68.7	0.7	2.6
1.4	6	32.4	1.8	4.0
1.4	6	35.8	1.7	3.6
1.4	6	30.2	1.4	4.2
1.4	6	53.5	1.0	3.2
1.4	6	45.9	0.9	3.7
1.4	6	27.1	1.5	5.1
1.4	6	50.3	0.9	3.5
1.4	6	36.2	1.7	4.1
1.4	6	40.7	1.9	3.8
1.4	6	27.1	1.7	4.6
1.4	6	33.9	1.3	3.9
1.4	6	34.3	1.0	3.8
1.4	6	27.6	1.5	4.4
1.4	6	31.4	1.3	3.9
1.4	6	49.8	0.9	3.5
1.4	6	41.3	1.0	3.4
1.4	6	42.8	1.2	3.4
1.4	6	39.9	0.8	3.5
1.4	6	53.6	1.3	3.1
1.4	6	37.0	1.2	3.5
1.4	6	59.1	1.0	2.5
1.4	6	33.8	0.8	3.1
1.4	6	65.4	0.8	2.3
1.4	6	62.9	0.9	2.9
1.4	6	24.5	1.6	4.8
1.4	6	46.0	1.0	3.4
1.4	6	38.9	1.0	3.6
1.4	6	38.7	0.9	3.4
1.4	6	55.1	0.8	3.1
1.4	6	40.0	1.0	3.6
1.4	6	38.8	0.8	2.2
1.4	6	42.5	0.9	3.2
1.4	6	37.3	1.1	3.5
1.4	6	27.4	4.6	5.0
1.4	6	19.9	3.4	6.2
1.4	6	71.4	0.9	3.4
1.4	6	61.2	0.9	3.0
1.4	6	42.3	1.4	3.8
1.4	6	35.6	2.8	4.8
1.4	6	38.0	1.6	4.6
1.4	6	18.2	1.8	5.1
1.4	6	24.7	2.2	4.6
1.4	6	43.9	0.7	3.4
1.4	6	22.3	2.1	5.1
1.4	6	22.7	2.5	5.2
1.4	6	37.8	1.7	3.5
1.4	6	38.7	1.5	4.2
1.4	6	21.7	2.7	5.1
1.4	6	25.4	2.2	4.9
1.4	6	13.8	2.7	5.7
1.4	6	19.4	2.6	5.5
1.4	7.5	18.9	2.7	7.0
1.4	7.5	21.6	1.8	6.4
1.4	7.5	22.6	3.1	6.6
1.4	7.5	22.1	3.7	7.1
1.4	7.5	24.6	1.5	5.8
1.4	7.5	29.5	1.4	5.3
1.4	7.5	27.8	1.9	4.7
1.4	7.5	27.9	1.5	5.7
1.4	7.5	41.9	1.0	3.8
1.4	7.5	56.1	0.8	3.1
1.4	7.5	49.3	0.6	2.9
1.4	7.5	42.5	0.8	3.4
1.4	7.5	42.1	0.7	3.0
1.4	7.5	37.0	1.6	4.7
1.4	7.5	37.0	1.6	4.6
1.4	7.5	51.1	1.4	3.8
1.4	7.5	46.4	1.2	3.4
1.4	7.5	43.2	1.2	3.6
1.4	7.5	38.6	1.7	4.5
1.4	7.5	19.3	3.4	6.9
1.4	7.5	47.8	1.2	3.3
1.4	7.5	31.5	1.2	4.9
1.4	7.5	45.7	1.9	4.4
1.4	7.5	26.2	2.8	5.8
1.4	7.5	53.1	1.2	3.6
1.4	7.5	37.2	1.8	4.5
1.4	7.5	45.3	1.3	4.1
1.4	7.5	48.4	1.2	3.6
1.4	7.5	46.6	1.2	3.8
1.4	7.5	28.4	1.5	5.2
1.4	7.5	42.1	1.5	3.7
1.4	7.5	45.2	1.1	3.6
1.4	7.5	53.5	1.0	3.3
1.4	7.5	47.7	0.9	3.5
1.4	7.5	26.0	1.5	4.9
1.4	7.5	27.0	1.0	4.8
1.4	7.5	19.9	1.5	6.6
1.4	7.5	47.3	1.2	3.8
1.4	7.5	31.8	1.7	5.1
1.4	7.5	40.4	1.0	3.9
1.4	7.5	33.6	0.8	3.8
1.4	7.5	33.8	0.9	4.1
1.4	7.5	34.5	1.5	4.9
1.4	7.5	29.3	1.1	4.7
1.4	7.5	52.8	1.5	4.0
1.4	7.5	48.0	1.2	3.3
1.4	7.5	41.1	1.6	4.4
1.4	7.5	25.5	1.8	5.9
1.4	7.5	53.8	0.8	3.2
1.4	7.5	39.8	1.1	4.4
1.4	7.5	47.5	0.9	3.3
1.4	7.5	59.8	0.7	2.8
1.4	7.5	25.7	2.0	6.0
1.4	7.5	55.9	0.9	3.9
1.4	7.5	37.1	1.3	4.5
1.4	7.5	48.4	1.0	3.2
1.4	7.5	53.4	1.2	3.4
1.4	7.5	42.0	1.3	4.1
1.4	7.5	44.4	1.8	4.2
1.4	7.5	42.1	1.6	4.2
1.4	7.5	39.8	1.6	4.4
1.4	7.5	49.4	1.3	3.8
1.4	7.5	39.1	2.1	4.7
1.4	7.5	38.9	1.6	4.2
1.4	7.5	26.6	1.6	5.3
1.4	7.5	53.4	1.2	3.6
1.4	7.5	66.9	1.4	3.2
1.4	7.5	30.3	1.7	5.4
1.4	7.5	37.9	1.5	4.4
1.4	7.5	40.6	1.2	4.0
1.4	7.5	40.1	1.5	4.7
1.4	7.5	42.0	1.8	4.7
1.4	7.5	37.5	2.0	4.9
1.4	7.5	42.6	1.3	4.1
1.4	7.5	69.4	0.9	2.8
1.4	7.5	46.2	1.5	3.5
1.4	7.5	39.7	0.9	4.3
1.4	7.5	44.8	0.8	3.3
1.4	7.5	50.8	1.2	3.5
1.4	7.5	50.4	0.9	3.4
1.4	7.5	43.9	1.8	4.3
1.4	7.5	53.1	1.6	3.9
1.4	9	50.6	2.0	4.8
1.4	9	41.7	2.6	5.4
1.4	9	49.3	2.1	4.9
1.4	9	51.3	1.0	4.4
1.4	9	47.0	1.9	4.3
1.4	9	54.4	1.6	4.4
1.4	9	65.9	1.1	2.0
1.4	9	71.4	1.1	2.5
1.4	9	49.5	1.9	4.4
1.4	9	41.6	2.4	5.3
1.4	9	38.9	2.8	5.8
1.4	9	37.8	1.7	5.1
1.4	9	40.6	1.7	5.5
1.4	9	42.1	1.9	5.2
1.4	9	54.8	1.0	3.7
1.4	9	84.0	1.8	2.4
1.4	9	86.8	1.8	2.1
1.4	9	41.1	1.4	4.8
1.4	9	39.0	2.0	5.5
1.4	9	41.2	2.1	5.4
1.4	9	28.7	3.7	7.0
1.4	9	42.3	2.5	5.8
1.4	9	28.4	3.8	7.1
1.4	9	31.4	1.6	4.9
1.4	9	31.1	1.9	6.5
1.4	9	39.7	1.3	4.9
1.4	9	35.5	1.9	5.3
1.4	9	27.3	2.7	6.9
1.4	9	31.7	1.9	6.2
1.4	9	33.7	1.6	5.3
1.4	9	38.4	1.3	4.9
1.4	9	35.4	1.7	5.8
1.4	9	40.0	1.9	5.8
1.4	9	40.5	1.5	5.0
1.4	9	44.5	2.3	5.2
1.4	9	45.7	1.9	4.7
1.4	9	42.9	2.0	5.1
1.4	9	37.3	1.4	5.1
1.4	9	44.5	2.7	5.1
1.4	9	51.3	1.2	5.1
1.4	9	38.4	1.9	5.0
1.4	9	77.1	1.8	2.0
1.4	9	70.0	2.0	2.3
1.4	9	48.2	1.0	4.2
1.4	9	37.0	2.3	5.6
1.4	9	35.9	2.1	5.7
1.4	9	34.9	2.3	5.6
1.4	9	34.3	1.3	5.5
1.4	9	45.9	1.1	4.9
1.4	9	31.6	1.7	6.4
1.4	9	42.6	1.4	4.7
1.4	9	37.5	1.3	5.5
1.4	9	28.8	3.6	6.6
1.4	9	27.7	5.0	7.3
1.4	9	38.2	1.5	5.4
1.4	9	48.5	1.1	4.0
1.4	9	81.5	1.7	2.2
1.4	9	43.4	1.9	4.4
1.4	9	50.1	1.4	3.8
1.4	9	55.6	1.6	4.0
1.4	9	60.5	1.3	3.7
1.4	9	47.8	2.1	4.8
1.4	9	46.0	2.1	4.8
1.4	9	39.5	2.6	5.3
1.4	9	39.3	3.2	5.6
1.4	9	42.8	3.1	5.5
1.4	9	46.0	2.4	4.8
1.4	9	46.7	2.2	4.9
1.4	9	46.6	2.4	4.9
1.4	9	41.3	3.3	5.6
1.4	9	43.0	3.2	5.5
1.4	9	45.1	3.8	5.5
1.4	9	46.4	2.2	4.8
1.4	9	43.1	4.0	4.9
1.4	9	41.4	3.7	5.5
1.4	9	46.5	3.3	4.7
1.4	9	51.1	3.8	5.0
1.4	9	49.9	3.7	4.9
1.4	9	51.9	3.2	5.0
1.4	9	60.9	2.1	4.0
1.4	9	61.5	2.4	4.0
1.4	9	63.1	2.3	3.3
1.4	9	53.7	1.4	4.0
1.4	9	56.3	2.5	4.7
1.4	9	55.2	1.7	4.0
1.4	9	60.7	1.7	3.9
1.4	9	62.1	1.7	3.8
1.4	9	51.1	2.1	4.2
1.4	9	63.1	1.8	3.7
1.4	9	56.1	2.4	4.5
1.4	9	63.2	0.9	3.8
1.4	9	42.8	2.2	5.0
1.4	9	35.9	2.5	5.7
1.4	9	40.1	5.6	5.9
1.4	9	37.5	3.3	5.9
1.4	9	38.7	3.9	6.0
1.4	9	41.5	3.0	5.3
1.4	9	43.6	3.0	5.4
1.4	9	42.1	2.8	5.3
1.4	9	38.0	4.7	5.7
1.4	9	50.8	2.2	4.6
1.4	9	38.5	4.1	5.6
1.4	9	39.2	4.9	5.4
1.4	9	43.1	3.3	5.5
1.4	9	42.8	3.5	5.4
1.4	9	45.6	3.1	5.1
1.4	9	40.1	2.6	5.4
1.4	9	39.4	2.9	5.6
1.4	9	46.9	4.7	4.6
1.4	9	47.3	2.9	4.9
1.4	9	54.0	2.1	4.2
1.4	9	45.9	3.2	5.1
1.4	9	47.4	1.2	4.3
1.4	9	49.8	1.0	4.0
1.4	9	47.6	1.9	4.7
1.4	9	57.6	1.7	3.9
1.4	9	62.9	1.8	3.9
1.4	9	46.3	1.4	3.8
1.4	9	42.9	2.4	4.9
1.4	9	42.9	2.1	4.6
1.4	9	50.2	2.1	4.4
1.4	9	45.1	2.2	4.7
1.4	9	43.0	2.1	4.8
1.4	9	51.3	1.4	3.8
1.4	9	56.6	1.0	3.5
1.4	9	43.5	1.7	4.5

