6 -1.35 0.283687 -0.90982
7.5 -1.35 0.0922093 -1.00485
9 -1.35 0.45083 -0.96044
10.5 -1.35 0.259991 -1.08082
12 -1.35 0.275575 -1.10705
1.5 0 0.462024 -0.471996
3 0 0.391108 -0.597056
4.5 0 0.46324 -0.675367
6 0 0.412961 -0.749197
7.5 0 0.29897 -0.889613
9 0 0.358319 -0.974663
10.5 0 0.301637 -0.902118
3 0.9 1.26569 0.0662553
4.5 0.9 0.576972 -0.561477
6 0.9 0.469847 -0.742569
7.5 0.9 0.580414 -0.687486
9 0.9 0.547667 -0.891429
4.5 1.4 1.22464 -0.165754
6 1.4 0.835544 -0.551283
7.5 1.4 0.853935 -0.67582
9 1.4 0.756798 -0.779316
