0 6 0 0 1.47189 0 -2.9088 98.4057
0 6 0 0 1.47189 0 -2.9088 98.4057
-0.0083728 5.98761 0 0.0241315 1.48659 0 -2.85531 1.19434
-0.0168519 5.97495 0 0.0481091 1.50143 0 -2.80022 1.17937
-0.0254425 5.96198 0 0.0719216 1.51642 0 -2.74348 1.16406
-0.03415 5.94871 0 0.0955567 1.53156 0 -2.68502 1.14843
-0.0429803 5.93512 0 0.119001 1.54684 0 -2.62475 1.13247
-0.0519394 5.92119 0 0.142239 1.56227 0 -2.56261 1.11618
-0.061034 5.90692 0 0.165254 1.57785 0 -2.4985 1.09956
-0.070271 5.89227 0 0.188028 1.59358 0 -2.43235 1.08261
-0.0796576 5.87724 0 0.21054 1.60946 0 -2.36405 1.06534
-0.0892017 5.8618 0 0.232767 1.6255 0 -2.29351 1.04777
-0.0989115 5.84594 0 0.254683 1.64169 0 -2.22064 1.02989
-0.108795 5.82963 0 0.27626 1.65804 0 -2.14531 1.01174
-0.118862 5.81285 0 0.297466 1.67454 0 -2.06742 0.99334
-0.129122 5.79559 0 0.318264 1.69121 0 -1.98685 0.974713
-0.139583 5.77781 0 0.338614 1.70804 0 -1.90349 0.955904
-0.150256 5.75949 0 0.358471 1.72503 0 -1.8172 0.936963
-0.16115 5.7406 0 0.377781 1.74218 0 -1.72788 0.917953
-0.172274 5.72113 0 0.396489 1.75951 0 -1.63539 0.898955
-0.183637 5.70103 0 0.414529 1.777 0 -1.53963 0.880063
-0.195246 5.6803 0 0.431829 1.79467 0 -1.44049 0.861398
-0.207107 5.65891 0 0.448307 1.81251 0 -1.33788 0.843101
-0.219223 5.63684 0 0.463875 1.83054 0 -1.23174 0.825345
-0.231594 5.61408 0 0.478436 1.84875 0 -1.12203 0.808331
-0.244215 5.59063 0 0.491884 1.86715 0 -1.00877 0.792296
-0.257077 5.56649 0 0.50411 1.88575 0 -0.892022 0.777508
-0.270162 5.5417 0 0.514997 1.90456 0 -0.771922 0.764266
-0.283444 5.51627 0 0.524433 1.92358 0 -0.648684 0.752892
-0.29689 5.49028 0 0.532309 1.94282 0 -0.522611 0.74372
-0.310457 5.46379 0 0.538529 1.96228 0 -0.394089 0.737078
-0.324094 5.4369 0 0.543015 1.98199 0 -0.26359 0.733263
-0.337746 5.4097 0 0.545714 2.00193 0 -0.131649 0.732521
-0.351351 5.38233 0 0.546603 2.02213 0 0.00116217 0.735019
-0.364849 5.3549 0 0.545691 2.04257 0 0.134262 0.740832
-0.378184 5.32752 0 0.543016 2.06326 0 0.267096 0.749936
-0.391304 5.30032 0 0.538647 2.08419 0 0.399166 0.762208
-0.404166 5.27337 0 0.532673 2.10538 0 0.530047 0.777449
-0.416738 5.24677 0 0.525197 2.1268 0 0.659405 0.795401
-0.428997 5.22057 0 0.516333 2.14847 0 0.78699 0.815773
-0.440926 5.19481 0 0.506197 2.17037 0 0.912639 0.838264
-0.452519 5.16952 0 0.494902 2.19251 0 1.03626 0.862582
-0.463775 5.14472 0 0.482556 2.21487 0 1.15781 0.888452
-0.474696 5.1204 0 0.469259 2.23748 0 1.27731 0.915629
-0.485291 5.09658 0 0.455106 2.26031 0 1.39481 0.943898
-0.495567 5.07323 0 0.44018 2.28337 0 1.51038 0.973072
-0.505537 5.05035 0 0.424555 2.30667 0 1.62409 1.00299
-0.515213 5.02792 0 0.408301 2.3302 0 1.73606 1.03353
-0.524606 5.00592 0 0.391477 2.35396 0 1.84639 1.06458
-0.53373 4.98434 0 0.374136 2.37797 0 1.95517 1.09605
-0.542596 4.96314 0 0.356326 2.4022 0 2.06253 1.12786
-0.551217 4.94233 0 0.338089 2.42668 0 2.16855 1.15997
-0.559604 4.92187 0 0.319463 2.4514 0 2.27334 1.19231
-0.567769 4.90176 0 0.300481 2.47637 0 2.37699 1.22485
-0.57572 4.88197 0 0.281173 2.50158 0 2.4796 1.25756
-0.58347 4.86248 0 0.261565 2.52705 0 2.58125 1.29043
-0.591026 4.84329 0 0.241681 2.55276 0 2.68202 1.32342
-0.598398 4.82438 0 0.221542 2.57873 0 2.78199 1.35652
-0.605593 4.80573 0 0.201168 2.60496 0 2.88123 1.38973
-0.612621 4.78733 0 0.180575 2.63145 0 2.97982 1.42304
-0.619487 4.76917 0 0.15978 2.6582 0 3.07781 1.45644
-0.626198 4.75124 0 0.138797 2.68521 0 3.17527 1.48993
-0.632762 4.73353 0 0.117637 2.7125 0 3.27225 1.5235
-0.639184 4.71602 0 0.0963141 2.74006 0 3.36881 1.55716
-0.64547 4.69871 0 0.0748373 2.76789 0 3.46501 1.59091
-0.651625 4.68159 0 0.0532167 2.79599 0 3.56088 1.62475
-0.657654 4.66465 0 0.0314612 2.82438 0 3.65648 1.65868
-0.663561 4.64788 0 0.00957884 2.85306 0 3.75185 1.6927
-0.669352 4.63127 0 -0.0124228 2.88201 0 3.84703 1.72682
-0.675031 4.61482 0 -0.034537 2.91126 0 3.94206 1.76105
-0.680601 4.59852 0 -0.0567572 2.9408 0 4.03697 1.79538
-0.686066 4.58237 0 -0.0790778 2.97064 0 4.13181 1.82982
-0.691429 4.56636 0 -0.101493 3.00077 0 4.22661 1.86437
-0.696695 4.55048 0 -0.123998 3.0312 0 4.3214 1.89905
-0.701866 4.53472 0 -0.146589 3.06194 0 4.41621 1.93385
-0.706945 4.51909 0 -0.16926 3.09299 0 4.51107 1.96878
-0.711936 4.50358 0 -0.192008 3.12435 0 4.60601 2.00385
-0.71684 4.48818 0 -0.214829 3.15602 0 4.70106 2.03906
-0.721661 4.47289 0 -0.23772 3.18801 0 4.79624 2.07442
-0.7264 4.4577 0 -0.260677 3.22032 0 4.89158 2.10992
-0.731061 4.44262 0 -0.283697 3.25296 0 4.9871 2.14559
-0.735645 4.42763 0 -0.306778 3.28592 0 5.08284 2.18141
-0.740155 4.41274 0 -0.329916 3.31922 0 5.1788 2.21741
-0.744592 4.39793 0 -0.353109 3.35284 0 5.27502 2.25357
-0.748959 4.38322 0 -0.376355 3.38681 0 5.37152 2.28991
-0.753258 4.36859 0 -0.399652 3.42112 0 5.46831 2.32644
-0.757489 4.35404 0 -0.422996 3.45577 0 5.56542 2.36316
-0.761656 4.33957 0 -0.446387 3.49077 0 5.66287 2.40006
-0.765759 4.32517 0 -0.469823 3.52612 0 5.76067 2.43717
-0.7698 4.31085 0 -0.493301 3.56183 0 5.85886 2.47448
-0.773781 4.2966 0 -0.51682 3.59789 0 5.95743 2.512
-0.777703 4.28242 0 -0.540378 3.63432 0 6.05642 2.54974
-0.781568 4.2683 0 -0.563975 3.67112 0 6.15584 2.58769
-0.785376 4.25425 0 -0.587607 3.70828 0 6.25571 2.62587
-0.789129 4.24026 0 -0.611275 3.74582 0 6.35604 2.66428
-0.792829 4.22633 0 -0.634976 3.78374 0 6.45686 2.70292
-0.796476 4.21246 0 -0.65871 3.82204 0 6.55818 2.7418
-0.800072 4.19865 0 -0.682475 3.86072 0 6.66001 2.78093
-0.803618 4.18489 0 -0.706271 3.8998 0 6.76238 2.8203
-0.807114 4.17119 0 -0.730095 3.93927 0 6.86529 2.85994
-0.810563 4.15753 0 -0.753948 3.97913 0 6.96877 2.89983
-0.813964 4.14393 0 -0.777828 4.0194 0 7.07282 2.93999
-0.817319 4.13038 0 -0.801734 4.06007 0 7.17747 2.98041
-0.820629 4.11687 0 -0.825665 4.10115 0 7.28273 3.02111
-0.823895 4.10341 0 -0.849621 4.14265 0 7.38862 3.0621
-0.827118 4.08999 0 -0.873601 4.18456 0 7.49514 3.10336
-0.830297 4.07662 0 -0.897603 4.2269 0 7.60232 3.14492
-0.833435 4.06329 0 -0.921628 4.26966 0 7.71018 3.18677
-0.836532 4.05 0 -0.945674 4.31285 0 7.81871 3.22892
-0.839589 4.03675 0 -0.96974 4.35648 0 7.92794 3.27138
-0.842606 4.02354 0 -0.993827 4.40055 0 8.03789 3.31414
-0.845585 4.01037 0 -1.01793 4.44506 0 8.14856 3.35722
-0.848526 3.99723 0 -1.04206 4.49002 0 8.25998 3.40062
-0.851429 3.98413 0 -1.0662 4.53544 0 8.37215 3.44435
-0.854296 3.97106 0 -1.09036 4.58131 0 8.48509 3.48841
-0.857126 3.95803 0 -1.11454 4.62764 0 8.59882 3.5328
-0.859922 3.94503 0 -1.13874 4.67445 0 8.71334 3.57753
-0.862682 3.93206 0 -1.16295 4.72172 0 8.82868 3.6226
-0.865408 3.91912 0 -1.18718 4.76947 0 8.94484 3.66803
-0.868101 3.90621 0 -1.21142 4.8177 0 9.06185 3.71381
-0.87076 3.89334 0 -1.23568 4.86642 0 9.17971 3.75995
-0.873388 3.88049 0 -1.25995 4.91563 0 9.29844 3.80646
-0.875983 3.86766 0 -1.28423 4.96534 0 9.41805 3.85334
-0.878546 3.85487 0 -1.30853 5.01555 0 9.53856 3.90059
-0.881079 3.8421 0 -1.33284 5.06626 0 9.65998 3.94823
-0.883582 3.82936 0 -1.35717 5.11749 0 9.78232 3.99625
-0.886054 3.81665 0 -1.38151 5.16923 0 9.90561 4.04466
-0.888497 3.80395 0 -1.40586 5.22149 0 10.0298 4.09347
-0.890911 3.79129 0 -1.43022 5.27428 0 10.1551 4.14269
-0.893296 3.77864 0 -1.45459 5.32761 0 10.2812 4.19231
-0.895653 3.76602 0 -1.47898 5.38147 0 10.4084 4.24234
-0.897983 3.75342 0 -1.50337 5.43588 0 10.5366 4.29279
-0.900285 3.74084 0 -1.52778 5.49083 0 10.6658 4.34367
-0.90256 3.72829 0 -1.55219 5.54634 0 10.7961 4.39497
-0.904809 3.71575 0 -1.57662 5.60241 0 10.9274 4.44671
-0.907032 3.70324 0 -1.60105 5.65904 0 11.0598 4.49889
-0.909229 3.69074 0 -1.6255 5.71625 0 11.1933 4.55152
-0.911401 3.67826 0 -1.64995 5.77403 0 11.3278 4.6046
-0.913548 3.66581 0 -1.67442 5.8324 0 11.4635 4.65813
-0.91567 3.65337 0 -1.69889 5.89136 0 11.6003 4.71213
-0.917768 3.64094 0 -1.72337 5.95091 0 11.7382 4.76659
-0.919842 3.62854 0 -1.74786 6.01106 0 11.8773 4.82153
-0.921892 3.61615 0 -1.77236 6.07182 0 12.0176 4.87695
-0.923919 3.60378 0 -1.79686 6.13319 0 12.1591 4.93286
-0.925924 3.59143 0 -1.82138 6.19518 0 12.3017 4.98925
-0.927905 3.57909 0 -1.8459 6.2578 0 12.4456 5.04615
-0.929865 3.56676 0 -1.87042 6.32105 0 12.5907 5.10355
-0.931802 3.55446 0 -1.89496 6.38494 0 12.7371 5.16145
-0.933718 3.54216 0 -1.9195 6.44947 0 12.8847 5.21988
-0.935612 3.52988 0 -1.94405 6.51465 0 13.0336 5.27882
-0.937486 3.51762 0 -1.96861 6.5805 0 13.1838 5.33829
-0.939338 3.50537 0 -1.99317 6.647 0 13.3353 5.3983
-0.94117 3.49313 0 -2.01774 6.71418 0 13.4881 5.45885
-0.942982 3.4809 0 -2.04231 6.78204 0 13.6423 5.51994
-0.944773 3.46869 0 -2.06689 6.85058 0 13.7979 5.58159
-0.946545 3.45649 0 -2.09148 6.91981 0 13.9548 5.64379
-0.948297 3.44431 0 -2.11607 6.98974 0 14.1131 5.70656
-0.950031 3.43213 0 -2.14067 7.06038 0 14.2728 5.7699
-0.951745 3.41997 0 -2.16527 7.13173 0 14.4339 5.83382
-0.95344 3.40782 0 -2.18988 7.2038 0 14.5965 5.89833
-0.955117 3.39567 0 -2.21449 7.2766 0 14.7605 5.96343
-0.956776 3.38355 0 -2.23911 7.35014 0 14.9261 6.02912
-0.958416 3.37143 0 -2.26374 7.42441 0 15.0931 6.09543
-0.960039 3.35932 0 -2.28836 7.49944 0 15.2616 6.16234
-0.961644 3.34722 0 -2.313 7.57522 0 15.4316 6.22987
-0.963232 3.33513 0 -2.33764 7.65177 0 15.6032 6.29803
-0.964803 3.32305 0 -2.36228 7.72909 0 15.7764 6.36682
-0.966356 3.31098 0 -2.38693 7.80719 0 15.9511 6.43625
-0.967893 3.29892 0 -2.41158 7.88608 0 16.1275 6.50633
-0.969414 3.28687 0 -2.43623 7.96577 0 16.3054 6.57707
-0.970918 3.27483 0 -2.46089 8.04626 0 16.485 6.64846
-0.972406 3.2628 0 -2.48556 8.12757 0 16.6663 6.72052
-0.973878 3.25077 0 -2.51022 8.20969 0 16.8492 6.79326
-0.975334 3.23876 0 -2.53489 8.29265 0 17.0338 6.86668
-0.976775 3.22675 0 -2.55957 8.37644 0 17.2201 6.9408
-0.9782 3.21475 0 -2.58425 8.46108 0 17.4082 7.01561
-0.97961 3.20276 0 -2.60893 8.54657 0 17.598 7.09113
-0.981006 3.19077 0 -2.63362 8.63293 0 17.7895 7.16736
-0.982386 3.1788 0 -2.65831 8.72016 0 17.9829 7.24432
-0.983752 3.16683 0 -2.683 8.80827 0 18.1781 7.322
-0.985103 3.15486 0 -2.7077 8.89727 0 18.3751 7.40042
-0.98644 3.14291 0 -2.7324 8.98716 0 18.5739 7.47959
-0.987763 3.13096 0 -2.7571 9.07797 0 18.7746 7.55951
-0.989072 3.11902 0 -2.7818 9.16969 0 18.9772 7.64019
-0.990367 3.10708 0 -2.80651 9.26234 0 19.1817 7.72164
-0.991648 3.09516 0 -2.83122 9.35592 0 19.3882 7.80387
-0.992916 3.08323 0 -2.85594 9.45045 0 19.5966 7.88689
-0.994171 3.07132 0 -2.88066 9.54594 0 19.8069 7.9707
-0.995412 3.05941 0 -2.90538 9.64238 0 20.0193 8.05532
-0.996641 3.0475 0 -2.9301 9.73981 0 20.2337 8.14074
-0.997856 3.0356 0 -2.95482 9.83821 0 20.4501 8.22699
-0.999059 3.02371 0 -2.97955 9.93761 0 20.6685 8.31407
-1.00025 3.01182 0 -3.00428 10.038 0 20.8891 8.40198
-1.00143 2.99994 0 -3.02902 10.1394 0 21.1118 8.49075
-1.00259 2.98807 0 -3.05375 10.2419 0 21.3365 8.58037
-1.00375 2.97619 0 -3.07849 10.3453 0 21.5635 8.67085
-1.00489 2.96433 0 -3.10323 10.4499 0 21.7926 8.76221
-1.00602 2.95247 0 -3.12797 10.5554 0 22.0239 8.85445
-1.00713 2.94061 0 -3.15271 10.6621 0 22.2574 8.94759
-1.00824 2.92876 0 -3.17746 10.7698 0 22.4932 9.04163
-1.00933 2.91691 0 -3.20221 10.8786 0 22.7312 9.13658
-1.01042 2.90507 0 -3.22696 10.9885 0 22.9716 9.23245
-1.01149 2.89323 0 -3.25171 11.0995 0 23.2142 9.32925
-1.01255 2.8814 0 -3.27647 11.2117 0 23.4592 9.427
-1.0136 2.86957 0 -3.30122 11.3249 0 23.7066 9.5257
-1.01464 2.85774 0 -3.32598 11.4394 0 23.9563 9.62535
-1.01567 2.84592 0 -3.35074 11.5549 0 24.2085 9.72598
-1.01668 2.83411 0 -3.37551 11.6717 0 24.4631 9.8276
-1.01769 2.82229 0 -3.40027 11.7896 0 24.7202 9.9302
-1.01869 2.81048 0 -3.42504 11.9087 0 24.9797 10.0338
-1.01967 2.79868 0 -3.4498 12.029 0 25.2418 10.1384
-1.02065 2.78688 0 -3.47457 12.1505 0 25.5064 10.2441
-1.02162 2.77508 0 -3.49934 12.2733 0 25.7736 10.3507
-1.02257 2.76329 0 -3.52412 12.3973 0 26.0434 10.4585
-1.02352 2.75149 0 -3.54889 12.5225 0 26.3159 10.5672
-1.02446 2.73971 0 -3.57367 12.649 0 26.591 10.6771
-1.02538 2.72792 0 -3.59844 12.7768 0 26.8687 10.788
-1.0263 2.71614 0 -3.62322 12.9059 0 27.1492 10.9
-1.02721 2.70436 0 -3.648 13.0362 0 27.4325 11.0131
-1.02811 2.69259 0 -3.67278 13.1679 0 27.7184 11.1273
-1.029 2.68082 0 -3.69756 13.301 0 28.0072 11.2427
-1.02988 2.66905 0 -3.72235 13.4353 0 28.2989 11.3592
-1.03075 2.65728 0 -3.74713 13.5711 0 28.5933 11.4768
-1.03161 2.64552 0 -3.77192 13.7082 0 28.8907 11.5956
-1.03246 2.63376 0 -3.79671 13.8467 0 29.191 11.7155
-1.03331 2.62201 0 -3.8215 13.9865 0 29.4942 11.8367
-1.03415 2.61025 0 -3.84629 14.1278 0 29.8004 11.959
-1.03497 2.5985 0 -3.87108 14.2705 0 30.1096 12.0825
-1.03579 2.58675 0 -3.89587 14.4147 0 30.4218 12.2073
-1.0366 2.575 0 -3.92067 14.5603 0 30.7372 12.3333
-1.03741 2.56326 0 -3.94546 14.7074 0 31.0556 12.4605
-1.0382 2.55152 0 -3.97026 14.856 0 31.3771 12.589
-1.03899 2.53978 0 -3.99505 15.0061 0 31.7019 12.7188
-1.03976 2.52804 0 -4.01985 15.1577 0 32.0298 12.8498
-1.04053 2.51631 0 -4.04465 15.3108 0 32.3609 12.9822
-1.0413 2.50458 0 -4.06945 15.4655 0 32.6954 13.1159
-1.04205 2.49285 0 -4.09425 15.6217 0 33.0331 13.2508
-1.0428 2.48112 0 -4.11906 15.7795 0 33.3742 13.3872
-1.04354 2.46939 0 -4.14386 15.9389 0 33.7186 13.5248
-1.04427 2.45767 0 -4.16866 16.0999 0 34.0664 13.6639
-1.04499 2.44595 0 -4.19347 16.2625 0 34.4177 13.8043
-1.04571 2.43423 0 -4.21827 16.4268 0 34.7725 13.9461
-1.04642 2.42251 0 -4.24308 16.5928 0 35.1307 14.0893
-1.04712 2.41079 0 -4.26789 16.7604 0 35.4925 14.234
-1.04782 2.39908 0 -4.2927 16.9297 0 35.8579 14.3801
-1.04851 2.38737 0 -4.3175 17.1007 0 36.2269 14.5276
-1.04919 2.37566 0 -4.34231 17.2735 0 36.5996 14.6766
-1.04986 2.36395 0 -4.36713 17.448 0 36.976 14.8271
-1.05053 2.35224 0 -4.39194 17.6242 0 37.3561 14.9791
-1.05119 2.34054 0 -4.41675 17.8023 0 37.74 15.1326
-1.05185 2.32883 0 -4.44156 17.9821 0 38.1277 15.2876
-1.05249 2.31713 0 -4.46638 18.1637 0 38.5192 15.4442
-1.05313 2.30543 0 -4.49119 18.3472 0 38.9146 15.6023
-1.05377 2.29373 0 -4.51601 18.5326 0 39.314 15.762
-1.0544 2.28203 0 -4.54082 18.7198 0 39.7173 15.9233
-1.05502 2.27034 0 -4.56564 18.9089 0 40.1247 16.0862
-1.05563 2.25864 0 -4.59046 19.0999 0 40.536 16.2507
-1.05624 2.24695 0 -4.61527 19.2928 0 40.9515 16.4169
-1.05685 2.23526 0 -4.64009 19.4877 0 41.3712 16.5847
-1.05744 2.22357 0 -4.66491 19.6846 0 41.795 16.7542
-1.05803 2.21188 0 -4.68973 19.8834 0 42.223 16.9254
-1.05862 2.20019 0 -4.71455 20.0843 0 42.6553 17.0983
-1.0592 2.18851 0 -4.73937 20.2871 0 43.0918 17.273
-1.05977 2.17682 0 -4.76419 20.4921 0 43.5328 17.4493
-1.06034 2.16514 0 -4.78901 20.6991 0 43.9781 17.6275
-1.0609 2.15346 0 -4.81384 20.9082 0 44.4279 17.8074
-1.06145 2.14178 0 -4.83866 21.1194 0 44.8822 17.9891
-1.06201 2.1301 0 -4.86348 21.3327 0 45.341 18.1726
-1.06255 2.11842 0 -4.88831 21.5482 0 45.8044 18.358
-1.06309 2.10674 0 -4.91313 21.7659 0 46.2724 18.5452
-1.06362 2.09506 0 -4.93796 21.9857 0 46.7451 18.7343
-1.06415 2.08339 0 -4.96278 22.2078 0 47.2225 18.9253
-1.06467 2.07171 0 -4.98761 22.4322 0 47.7046 19.1182
-1.06519 2.06004 0 -5.01243 22.6588 0 48.1916 19.3131
-1.0657 2.04837 0 -5.03726 22.8876 0 48.6835 19.5098
-1.06621 2.0367 0 -5.06209 23.1188 0 49.1803 19.7086
-1.06671 2.02502 0 -5.08692 23.3524 0 49.682 19.9093
-1.06721 2.01336 0 -5.11174 23.5883 0 50.1888 20.1121
-1.0677 2.00169 0 -5.13657 23.8265 0 50.7006 20.3169
-1.06819 1.99002 0 -5.1614 24.0672 0 51.2176 20.5237
-1.06867 1.97835 0 -5.18623 24.3103 0 51.7397 20.7326
-1.06915 1.96669 0 -5.21106 24.5559 0 52.267 20.9436
-1.06962 1.95502 0 -5.23589 24.804 0 52.7997 21.1567
-1.07009 1.94336 0 -5.26072 25.0545 0 53.3376 21.372
-1.07055 1.93169 0 -5.28555 25.3076 0 53.881 21.5894
-1.07101 1.92003 0 -5.31038 25.5632 0 54.4298 21.809
-1.07147 1.90837 0 -5.33522 25.8215 0 54.9841 22.0308
-1.07192 1.89671 0 -5.36005 26.0823 0 55.5439 22.2548
-1.07236 1.88505 0 -5.38488 26.3458 0 56.1093 22.4811
-1.0728 1.87339 0 -5.40971 26.6119 0 56.6805 22.7097
-1.07324 1.86173 0 -5.43454 26.8807 0 57.2573 22.9405
-1.07367 1.85007 0 -5.45938 27.1522 0 57.8399 23.1737
-1.0741 1.83841 0 -5.48421 27.4265 0 58.4284 23.4091
-1.07452 1.82676 0 -5.50905 27.7035 0 59.0228 23.647
-1.07494 1.8151 0 -5.53388 27.9834 0 59.6231 23.8873
-1.07535 1.80345 0 -5.55871 28.2661 0 60.2295 24.1299
-1.07576 1.79179 0 -5.58355 28.5516 0 60.8419 24.375
-1.07617 1.78014 0 -5.60838 28.84 0 61.4605 24.6226
-1.07657 1.76848 0 -5.63322 29.1313 0 62.0853 24.8726
-1.07697 1.75683 0 -5.65805 29.4256 0 62.7164 25.1252
-1.07736 1.74518 0 -5.68289 29.7228 0 63.3538 25.3803
-1.07775 1.73353 0 -5.70773 30.023 0 63.9976 25.6379
-1.07814 1.72188 0 -5.73256 30.3263 0 64.6478 25.8982
-1.07852 1.71023 0 -5.7574 30.6326 0 65.3046 26.1611
-1.0789 1.69858 0 -5.78224 30.9421 0 65.968 26.4266
-1.07927 1.68693 0 -5.80707 31.2546 0 66.6381 26.6948
-1.07964 1.67528 0 -5.83191 31.5703 0 67.3148 26.9656
-1.08001 1.66363 0 -5.85675 31.8892 0 67.9984 27.2392
-1.08038 1.65198 0 -5.88159 32.2114 0 68.6889 27.5156
-1.08074 1.64033 0 -5.90642 32.5367 0 69.3863 27.7947
-1.08109 1.62869 0 -5.93126 32.8654 0 70.0907 28.0766
-1.08144 1.61704 0 -5.9561 33.1974 0 70.8021 28.3614
-1.08179 1.60539 0 -5.98094 33.5327 0 71.5208 28.6491
-1.08214 1.59375 0 -6.00578 33.8714 0 72.2466 28.9396
-1.08248 1.5821 0 -6.03062 34.2136 0 72.9798 29.233
-1.08282 1.57046 0 -6.05546 34.5592 0 73.7203 29.5294
-1.08315 1.55882 0 -6.0803 34.9083 0 74.4683 29.8288
-1.08349 1.54717 0 -6.10514 35.2609 0 75.2238 30.1312
-1.08381 1.53553 0 -6.12997 35.617 0 75.9868 30.4367
-1.08414 1.52389 0 -6.15481 35.9768 0 76.7576 30.7452
-1.08446 1.51224 0 -6.17965 36.3402 0 77.5361 31.0568
-1.08478 1.5006 0 -6.2045 36.7073 0 78.3225 31.3716
-1.0851 1.48896 0 -6.22934 37.0781 0 79.1167 31.6895
-1.08541 1.47732 0 -6.25418 37.4526 0 79.919 32.0107
-1.08572 1.46568 0 -6.27902 37.8309 0 80.7293 32.335
-1.08602 1.45404 0 -6.30386 38.2131 0 81.5478 32.6627
-1.08633 1.4424 0 -6.3287 38.5991 0 82.3745 32.9936
-1.08663 1.43076 0 -6.35354 38.989 0 83.2095 33.3279
-1.08692 1.41912 0 -6.37838 39.3828 0 84.053 33.6655
-1.08722 1.40748 0 -6.40322 39.7806 0 84.9049 34.0065
-1.08751 1.39584 0 -6.42807 40.1824 0 85.7654 34.351
-1.0878 1.3842 0 -6.45291 40.5883 0 86.6346 34.6989
-1.08808 1.37256 0 -6.47775 40.9983 0 87.5125 35.0504
-1.08837 1.36092 0 -6.50259 41.4125 0 88.3993 35.4054
-1.08865 1.34929 0 -6.52743 41.8308 0 89.295 35.7639
-1.08892 1.33765 0 -6.55228 42.2533 0 90.1997 36.1261
-1.0892 1.32601 0 -6.57712 42.6801 0 91.1135 36.4919
-1.08947 1.31437 0 -6.60196 43.1112 0 92.0365 36.8614
-1.08974 1.30274 0 -6.6268 43.5467 0 92.9688 37.2346
-1.09 1.2911 0 -6.65165 43.9866 0 93.9105 37.6116
-1.09026 1.27947 0 -6.67649 44.4309 0 94.8617 37.9924
-1.09053 1.26783 0 -6.70133 44.8797 0 95.8225 38.377
-1.09078 1.25619 0 -6.72618 45.333 0 96.793 38.7656
-1.09104 1.24456 0 -6.75102 45.7909 0 97.7732 39.158
-1.09129 1.23292 0 -6.77586 46.2535 0 98.7633 39.5543
-1.09154 1.22129 0 -6.80071 46.7207 0 99.7634 39.9547
-1.09179 1.20965 0 -6.82555 47.1926 0 100.774 40.3591
-1.09203 1.19802 0 -6.85039 47.6693 0 101.794 40.7676
-1.09228 1.18639 0 -6.87524 48.1508 0 102.825 41.1802
-1.09252 1.17475 0 -6.90008 48.6372 0 103.866 41.597
-1.09276 1.16312 0 -6.92493 49.1285 0 104.917 42.0179
-1.09299 1.15149 0 -6.94977 49.6247 0 105.979 42.4431
-1.09323 1.13985 0 -6.97461 50.126 0 107.052 42.8726
-1.09346 1.12822 0 -6.99946 50.6323 0 108.136 43.3064
-1.09368 1.11659 0 -7.0243 51.1438 0 109.23 43.7446
-1.09391 1.10495 0 -7.04915 51.6604 0 110.336 44.1873
-1.09413 1.09332 0 -7.07399 52.1822 0 111.452 44.6343
-1.09436 1.08169 0 -7.09884 52.7093 0 112.58 45.0859
-1.09458 1.07006 0 -7.12368 53.2417 0 113.72 45.5421
-1.09479 1.05843 0 -7.14853 53.7795 0 114.871 46.0028
-1.09501 1.04679 0 -7.17337 54.3228 0 116.033 46.4682
-1.09522 1.03516 0 -7.19822 54.8715 0 117.207 46.9383
-1.09543 1.02353 0 -7.22306 55.4257 0 118.393 47.4131
-1.09564 1.0119 0 -7.24791 55.9856 0 119.591 47.8927
-1.09585 1.00027 0 -7.27275 56.5511 0 120.801 48.3772
-1.09605 0.988638 0 -7.2976 57.1223 0 122.023 48.8665
-1.09626 0.977007 0 -7.32244 57.6993 0 123.258 49.3608
-1.09646 0.965377 0 -7.34729 58.2822 0 124.505 49.8601
-1.09665 0.953747 0 -7.37213 58.8709 0 125.765 50.3643
-1.09685 0.942116 0 -7.39698 59.4655 0 127.037 50.8737
-1.09705 0.930486 0 -7.42182 60.0662 0 128.322 51.3883
-1.09724 0.918856 0 -7.44667 60.6729 0 129.62 51.908
-1.09743 0.907227 0 -7.47152 61.2858 0 130.931 52.4329
-1.09762 0.895597 0 -7.49636 61.9049 0 132.256 52.9632
-1.0978 0.883967 0 -7.52121 62.5302 0 133.593 53.4988
-1.09799 0.872338 0 -7.54605 63.1618 0 134.945 54.0398
-1.09817 0.860709 0 -7.5709 63.7998 0 136.31 54.5863
-1.09835 0.84908 0 -7.59574 64.4442 0 137.688 55.1382
-1.09853 0.837451 0 -7.62059 65.0952 0 139.081 55.6958
-1.09871 0.825822 0 -7.64544 65.7527 0 140.487 56.259
-1.09889 0.814193 0 -7.67028 66.4169 0 141.908 56.8278
-1.09906 0.802564 0 -7.69513 67.0878 0 143.343 57.4024
-1.09923 0.790936 0 -7.71998 67.7654 0 144.793 57.9828
-1.09941 0.779308 0 -7.74482 68.4499 0 146.257 58.5691
-1.09957 0.767679 0 -7.76967 69.1413 0 147.736 59.1612
-1.09974 0.756051 0 -7.79452 69.8397 0 149.23 59.7594
-1.09991 0.744423 0 -7.81936 70.5452 0 150.739 60.3635
-1.10007 0.732795 0 -7.84421 71.2578 0 152.264 60.9738
-1.10023 0.721167 0 -7.86905 71.9776 0 153.803 61.5903
-1.10039 0.709539 0 -7.8939 72.7046 0 155.358 62.2129
-1.10055 0.697912 0 -7.91875 73.439 0 156.929 62.8419
-1.10071 0.686284 0 -7.94359 74.1808 0 158.516 63.4771
-1.10087 0.674656 0 -7.96844 74.9301 0 160.119 64.1188
-1.10102 0.663029 0 -7.99329 75.687 0 161.737 64.767
-1.10117 0.651402 0 -8.01814 76.4515 0 163.373 65.4217
-1.10133 0.639775 0 -8.04298 77.2237 0 165.024 66.0831
-1.10148 0.628147 0 -8.06783 78.0038 0 166.693 66.7511
-1.10162 0.61652 0 -8.09268 78.7917 0 168.378 67.4258
-1.10177 0.604893 0 -8.11752 79.5876 0 170.08 68.1074
-1.10192 0.593266 0 -8.14237 80.3915 0 171.8 68.7958
-1.10206 0.58164 0 -8.16722 81.2035 0 173.536 69.4912
-1.1022 0.570013 0 -8.19206 82.0238 0 175.291 70.1936
-1.10234 0.558386 0 -8.21691 82.8523 0 177.063 70.9031
-1.10248 0.54676 0 -8.24176 83.6892 0 178.853 71.6198
-1.10262 0.535133 0 -8.26661 84.5346 0 180.661 72.3437
-1.10276 0.523507 0 -8.29145 85.3884 0 182.487 73.0748
-1.10289 0.51188 0 -8.3163 86.251 0 184.331 73.8134
-1.10303 0.500254 0 -8.34115 87.1222 0 186.195 74.5595
-1.10316 0.488628 0 -8.36599 88.0022 0 188.077 75.313
-1.10329 0.477002 0 -8.39084 88.8911 0 189.978 76.0742
-1.10342 0.465375 0 -8.41569 89.789 0 191.898 76.8431
-1.10355 0.453749 0 -8.44054 90.696 0 193.838 77.6197
-1.10368 0.442123 0 -8.46538 91.6121 0 195.797 78.4041
-1.1038 0.430498 0 -8.49023 92.5375 0 197.776 79.1965
-1.10393 0.418872 0 -8.51508 93.4722 0 199.775 79.9969
-1.10405 0.407246 0 -8.53993 94.4164 0 201.794 80.8054
-1.10418 0.39562 0 -8.56477 95.3701 0 203.834 81.622
-1.1043 0.383994 0 -8.58962 96.3334 0 205.894 82.4469
-1.10442 0.372369 0 -8.61447 97.3065 0 207.975 83.2801
-1.10454 0.360743 0 -8.63932 98.2894 0 210.077 84.1217
-1.10465 0.349118 0 -8.66416 99.2822 0 212.2 84.9718
-1.10477 0.337492 0 -8.68901 100.285 0 214.344 85.8305
-1.10489 0.325867 0 -8.71386 101.298 0 216.511 86.6978
-1.105 0.314241 0 -8.73871 102.321 0 218.699 87.5739
-1.10511 0.302616 0 -8.76356 103.355 0 220.909 88.4589
-1.10522 0.290991 0 -8.7884 104.399 0 223.141 89.3528
-1.10534 0.279366 0 -8.81325 105.453 0 225.396 90.2557
-1.10545 0.26774 0 -8.8381 106.518 0 227.674 91.1677
-1.10555 0.256115 0 -8.86295 107.594 0 229.975 92.089
-1.10566 0.24449 0 -8.88779 108.681 0 232.299 93.0195
-1.10577 0.232865 0 -8.91264 109.779 0 234.647 93.9595
-1.10587 0.22124 0 -8.93749 110.888 0 237.018 94.9089
-1.10598 0.209615 0 -8.96234 112.008 0 239.413 95.8679
-1.10608 0.19799 0 -8.98719 113.139 0 241.832 96.8366
-1.10618 0.186365 0 -9.01203 114.282 0 244.276 97.8151
-1.10628 0.174741 0 -9.03688 115.437 0 246.745 98.8035
-1.10638 0.163116 0 -9.06173 116.603 0 249.238 99.8018
-1.10648 0.151491 0 -9.08658 117.78 0 251.756 100.81
-1.10658 0.139866 0 -9.11143 118.97 0 254.3 101.829
-1.10668 0.128242 0 -9.13627 120.172 0 256.87 102.858
-1.10678 0.116617 0 -9.16112 121.386 0 259.466 103.897
-1.10687 0.104992 0 -9.18597 122.612 0 262.088 104.947
-1.10696 0.0933678 0 -9.21082 123.85 0 264.736 106.007
-1.10706 0.0817432 0 -9.23567 125.101 0 267.411 107.078
-1.10715 0.0701187 0 -9.26051 126.365 0 270.113 108.16
-1.10724 0.0584942 0 -9.28536 127.641 0 272.842 109.253
-1.10733 0.0468697 0 -9.31021 128.931 0 275.599 110.357
-1.10742 0.0352453 0 -9.33506 130.233 0 278.384 111.472
-1.10751 0.0236209 0 -9.35991 131.549 0 281.197 112.598
-1.1076 0.0119966 0 -9.38475 132.877 0 284.038 113.736
-1.10769 0.000372222 0 -9.4096 134.22 0 286.908 114.885
-1.10769 3.46945e-18 0 -9.4104 134.25 0 286.973 117.218
