0 6 0 0 1.47189 0 -2.9088 -2.04109e-314
0 6 0 0 1.47189 0 -2.9088 -2.04109e-314
-0.00348867 5.99484 0 0.0101389 1.48669 0 -2.90365 2.86643
-0.00697506 5.98963 0 0.0202531 1.50164 0 -2.89847 2.86829
-0.0104591 5.98437 0 0.0303423 1.51673 0 -2.89326 2.87026
-0.0139406 5.97907 0 0.0404061 1.53198 0 -2.88802 2.87233
-0.0174194 5.97371 0 0.050444 1.54739 0 -2.88276 2.87451
-0.0208955 5.9683 0 0.0604555 1.56294 0 -2.87748 2.87681
-0.0243687 5.96285 0 0.0704402 1.57866 0 -2.87216 2.87922
-0.0278388 5.95734 0 0.0803977 1.59453 0 -2.86683 2.88174
-0.0313057 5.95179 0 0.0903276 1.61056 0 -2.86147 2.88439
-0.0347693 5.94618 0 0.100229 1.62676 0 -2.8561 2.88717
-0.0382294 5.94052 0 0.110102 1.64312 0 -2.8507 2.89007
-0.0416859 5.93481 0 0.119947 1.65964 0 -2.84529 2.8931
-0.0451387 5.92906 0 0.129761 1.67633 0 -2.83986 2.89627
-0.0485874 5.92325 0 0.139546 1.69319 0 -2.83442 2.89958
-0.0520321 5.91738 0 0.1493 1.71021 0 -2.82896 2.90303
-0.0554725 5.91147 0 0.159023 1.72741 0 -2.82349 2.90663
-0.0589085 5.90551 0 0.168715 1.74478 0 -2.81801 2.91038
-0.0623399 5.89949 0 0.178376 1.76233 0 -2.81252 2.91428
-0.0657665 5.89342 0 0.188004 1.78006 0 -2.80702 2.91834
-0.0691881 5.8873 0 0.197599 1.79796 0 -2.80152 2.92257
-0.0726046 5.88112 0 0.207161 1.81604 0 -2.79601 2.92695
-0.0760158 5.8749 0 0.216689 1.83431 0 -2.7905 2.93151
-0.0794216 5.86862 0 0.226184 1.85276 0 -2.78499 2.93624
-0.0828216 5.86229 0 0.235643 1.8714 0 -2.77949 2.94115
-0.0862157 5.8559 0 0.245068 1.89022 0 -2.77398 2.94624
-0.0896038 5.84947 0 0.254457 1.90924 0 -2.76848 2.95151
-0.0929857 5.84298 0 0.26381 1.92844 0 -2.76299 2.95698
-0.096361 5.83644 0 0.273127 1.94784 0 -2.75751 2.96264
-0.0997298 5.82984 0 0.282407 1.96744 0 -2.75204 2.96849
-0.103092 5.8232 0 0.29165 1.98723 0 -2.74658 2.97455
-0.106446 5.8165 0 0.300855 2.00723 0 -2.74114 2.98082
-0.109794 5.80974 0 0.310022 2.02742 0 -2.73571 2.9873
-0.113134 5.80294 0 0.31915 2.04782 0 -2.73031 2.99399
-0.116466 5.79608 0 0.32824 2.06843 0 -2.72493 3.0009
-0.119791 5.78917 0 0.33729 2.08924 0 -2.71957 3.00804
-0.123107 5.7822 0 0.3463 2.11026 0 -2.71424 3.0154
-0.126415 5.77519 0 0.35527 2.1315 0 -2.70894 3.02299
-0.129714 5.76812 0 0.364199 2.15295 0 -2.70367 3.03083
-0.133005 5.761 0 0.373087 2.17462 0 -2.69844 3.0389
-0.136287 5.75383 0 0.381934 2.1965 0 -2.69324 3.04722
-0.139559 5.7466 0 0.390739 2.21861 0 -2.68808 3.05579
-0.142822 5.73933 0 0.399502 2.24094 0 -2.68296 3.06461
-0.146076 5.732 0 0.408223 2.2635 0 -2.67789 3.07369
-0.149319 5.72462 0 0.4169 2.28628 0 -2.67287 3.08304
-0.152553 5.71719 0 0.425535 2.3093 0 -2.6679 3.09265
-0.155776 5.70971 0 0.434126 2.33254 0 -2.66297 3.10253
-0.158989 5.70218 0 0.442673 2.35602 0 -2.65811 3.11269
-0.16219 5.6946 0 0.451177 2.37974 0 -2.6533 3.12313
-0.165381 5.68697 0 0.459636 2.4037 0 -2.64855 3.13386
-0.168561 5.67929 0 0.46805 2.4279 0 -2.64387 3.14487
-0.17173 5.67155 0 0.47642 2.45235 0 -2.63925 3.15617
-0.174886 5.66377 0 0.484744 2.47704 0 -2.6347 3.16778
-0.178031 5.65594 0 0.493023 2.50198 0 -2.63022 3.17968
-0.181164 5.64807 0 0.501256 2.52718 0 -2.62582 3.19189
-0.184285 5.64014 0 0.509444 2.55263 0 -2.62149 3.20441
-0.187393 5.63217 0 0.517586 2.57833 0 -2.61725 3.21724
-0.190489 5.62414 0 0.525681 2.6043 0 -2.61309 3.23039
-0.193572 5.61608 0 0.53373 2.63053 0 -2.60901 3.24386
-0.196641 5.60796 0 0.541733 2.65703 0 -2.60502 3.25765
-0.199698 5.5998 0 0.549689 2.68379 0 -2.60113 3.27178
-0.202741 5.59159 0 0.557599 2.71082 0 -2.59733 3.28624
-0.20577 5.58334 0 0.565461 2.73813 0 -2.59362 3.30104
-0.208786 5.57504 0 0.573277 2.76571 0 -2.59002 3.31617
-0.211787 5.5667 0 0.581046 2.79357 0 -2.58652 3.33166
-0.214774 5.55831 0 0.588767 2.82172 0 -2.58312 3.34749
-0.217747 5.54988 0 0.596442 2.85014 0 -2.57984 3.36367
-0.220706 5.5414 0 0.604069 2.87886 0 -2.57666 3.38021
-0.223649 5.53289 0 0.61165 2.90787 0 -2.5736 3.39711
-0.226578 5.52433 0 0.619183 2.93717 0 -2.57066 3.41437
-0.229492 5.51573 0 0.626669 2.96676 0 -2.56783 3.432
-0.232391 5.50708 0 0.634108 2.99666 0 -2.56513 3.45
-0.235274 5.4984 0 0.6415 3.02686 0 -2.56255 3.46837
-0.238141 5.48968 0 0.648845 3.05736 0 -2.5601 3.48712
-0.240993 5.48091 0 0.656143 3.08817 0 -2.55778 3.50625
-0.24383 5.47211 0 0.663395 3.1193 0 -2.5556 3.52577
-0.24665 5.46327 0 0.670599 3.15074 0 -2.55355 3.54567
-0.249454 5.45439 0 0.677758 3.1825 0 -2.55164 3.56596
-0.252242 5.44547 0 0.684869 3.21457 0 -2.54987 3.58665
-0.255014 5.43652 0 0.691935 3.24698 0 -2.54825 3.60773
-0.25777 5.42752 0 0.698954 3.27971 0 -2.54677 3.62921
-0.260509 5.4185 0 0.705928 3.31277 0 -2.54544 3.6511
-0.263231 5.40943 0 0.712856 3.34617 0 -2.54426 3.67339
-0.265936 5.40033 0 0.719738 3.3799 0 -2.54323 3.69609
-0.268625 5.3912 0 0.726575 3.41398 0 -2.54236 3.7192
-0.271297 5.38203 0 0.733367 3.4484 0 -2.54165 3.74273
-0.273952 5.37283 0 0.740114 3.48317 0 -2.5411 3.76668
-0.27659 5.3636 0 0.746816 3.51829 0 -2.54072 3.79105
-0.27921 5.35433 0 0.753474 3.55377 0 -2.5405 3.81584
-0.281814 5.34503 0 0.760088 3.5896 0 -2.54045 3.84106
-0.2844 5.3357 0 0.766658 3.6258 0 -2.54057 3.86671
-0.286969 5.32634 0 0.773185 3.66236 0 -2.54086 3.89279
-0.28952 5.31695 0 0.779668 3.6993 0 -2.54133 3.91931
-0.292054 5.30753 0 0.786109 3.73661 0 -2.54198 3.94627
-0.294571 5.29808 0 0.792507 3.77429 0 -2.5428 3.97367
-0.29707 5.2886 0 0.798863 3.81236 0 -2.54381 4.00152
-0.299552 5.27909 0 0.805177 3.85081 0 -2.545 4.02981
-0.302015 5.26955 0 0.811449 3.88965 0 -2.54637 4.05855
-0.304462 5.25999 0 0.81768 3.92888 0 -2.54794 4.08775
-0.30689 5.2504 0 0.82387 3.96851 0 -2.54969 4.11741
-0.309302 5.24078 0 0.83002 4.00855 0 -2.55164 4.14752
-0.311695 5.23114 0 0.83613 4.04898 0 -2.55378 4.1781
-0.314071 5.22147 0 0.8422 4.08983 0 -2.55612 4.20914
-0.316429 5.21178 0 0.848231 4.13109 0 -2.55866 4.24065
-0.318769 5.20206 0 0.854222 4.17276 0 -2.5614 4.27263
-0.321092 5.19232 0 0.860175 4.21486 0 -2.56434 4.30508
-0.323397 5.18256 0 0.86609 4.25738 0 -2.56748 4.33801
-0.325685 5.17277 0 0.871967 4.30034 0 -2.57083 4.37143
-0.327955 5.16296 0 0.877807 4.34372 0 -2.57439 4.40532
-0.330207 5.15313 0 0.88361 4.38755 0 -2.57815 4.4397
-0.332442 5.14327 0 0.889376 4.43182 0 -2.58213 4.47457
-0.33466 5.13339 0 0.895106 4.47654 0 -2.58632 4.50994
-0.336859 5.1235 0 0.9008 4.52171 0 -2.59073 4.5458
-0.339042 5.11358 0 0.906459 4.56734 0 -2.59536 4.58216
-0.341207 5.10364 0 0.912083 4.61342 0 -2.6002 4.61902
-0.343354 5.09368 0 0.917673 4.65998 0 -2.60527 4.65638
-0.345485 5.08371 0 0.923228 4.707 0 -2.61055 4.69426
-0.347598 5.07371 0 0.92875 4.75451 0 -2.61606 4.73264
-0.349693 5.0637 0 0.934239 4.80249 0 -2.6218 4.77155
-0.351772 5.05366 0 0.939695 4.85095 0 -2.62777 4.81097
-0.353833 5.04361 0 0.945118 4.89991 0 -2.63396 4.85091
-0.355878 5.03355 0 0.950509 4.94936 0 -2.64039 4.89138
-0.357905 5.02346 0 0.955869 4.99931 0 -2.64705 4.93238
-0.359916 5.01336 0 0.961198 5.04977 0 -2.65394 4.97391
-0.361909 5.00324 0 0.966496 5.10074 0 -2.66107 5.01598
-0.363886 4.99311 0 0.971764 5.15222 0 -2.66844 5.05859
-0.365846 4.98296 0 0.977002 5.20422 0 -2.67605 5.10174
-0.36779 4.97279 0 0.98221 5.25675 0 -2.68389 5.14544
-0.369717 4.96261 0 0.987389 5.30981 0 -2.69199 5.18969
-0.371627 4.95242 0 0.99254 5.36341 0 -2.70032 5.2345
-0.373521 4.94221 0 0.997662 5.41754 0 -2.70891 5.27987
-0.375399 4.93198 0 1.00276 5.47223 0 -2.71774 5.3258
-0.37726 4.92175 0 1.00782 5.52747 0 -2.72682 5.3723
-0.379105 4.9115 0 1.01286 5.58326 0 -2.73615 5.41937
-0.380934 4.90123 0 1.01788 5.63962 0 -2.74574 5.46702
-0.382748 4.89096 0 1.02287 5.69655 0 -2.75558 5.51524
-0.384545 4.88067 0 1.02783 5.75406 0 -2.76567 5.56406
-0.386326 4.87036 0 1.03276 5.81215 0 -2.77603 5.61346
-0.388092 4.86005 0 1.03767 5.87082 0 -2.78665 5.66345
-0.389842 4.84972 0 1.04256 5.93009 0 -2.79752 5.71404
-0.391577 4.83939 0 1.04742 5.98996 0 -2.80866 5.76524
-0.393296 4.82904 0 1.05226 6.05043 0 -2.82007 5.81704
-0.394999 4.81868 0 1.05707 6.11151 0 -2.83174 5.86946
-0.396688 4.80831 0 1.06187 6.17321 0 -2.84368 5.92249
-0.398361 4.79792 0 1.06663 6.23554 0 -2.85589 5.97614
-0.40002 4.78753 0 1.07138 6.29849 0 -2.86838 6.03042
-0.401663 4.77713 0 1.0761 6.36208 0 -2.88113 6.08533
-0.403291 4.76672 0 1.08081 6.42631 0 -2.89417 6.14088
-0.404905 4.75629 0 1.08549 6.49119 0 -2.90748 6.19707
-0.406504 4.74586 0 1.09015 6.55673 0 -2.92107 6.2539
-0.408088 4.73542 0 1.09479 6.62293 0 -2.93494 6.31139
-0.409658 4.72497 0 1.09941 6.6898 0 -2.94909 6.36954
-0.411214 4.71451 0 1.104 6.75735 0 -2.96353 6.42835
-0.412755 4.70405 0 1.10858 6.82557 0 -2.97826 6.48782
-0.414282 4.69357 0 1.11314 6.89449 0 -2.99327 6.54797
-0.415796 4.68308 0 1.11768 6.96411 0 -3.00857 6.60881
-0.417295 4.67259 0 1.12221 7.03442 0 -3.02417 6.67032
-0.41878 4.66209 0 1.12671 7.10545 0 -3.04006 6.73253
-0.420252 4.65158 0 1.1312 7.1772 0 -3.05625 6.79543
-0.42171 4.64106 0 1.13566 7.24967 0 -3.07273 6.85904
-0.423154 4.63054 0 1.14011 7.32287 0 -3.08952 6.92336
-0.424585 4.62001 0 1.14455 7.39681 0 -3.10661 6.98839
-0.426003 4.60947 0 1.14896 7.4715 0 -3.124 7.05414
-0.427407 4.59893 0 1.15336 7.54695 0 -3.1417 7.12062
-0.428798 4.58837 0 1.15775 7.62316 0 -3.15971 7.18783
-0.430176 4.57781 0 1.16211 7.70013 0 -3.17802 7.25579
-0.431542 4.56725 0 1.16646 7.77789 0 -3.19665 7.32449
-0.432894 4.55668 0 1.1708 7.85643 0 -3.2156 7.39394
-0.434234 4.5461 0 1.17512 7.93576 0 -3.23486 7.46416
-0.435561 4.53551 0 1.17943 8.0159 0 -3.25444 7.53514
-0.436876 4.52492 0 1.18372 8.09685 0 -3.27435 7.6069
-0.438178 4.51433 0 1.188 8.17861 0 -3.29457 7.67943
-0.439468 4.50372 0 1.19226 8.2612 0 -3.31512 7.75275
-0.440745 4.49311 0 1.19651 8.34462 0 -3.336 7.82687
-0.442011 4.4825 0 1.20074 8.42889 0 -3.35722 7.90179
-0.443264 4.47188 0 1.20496 8.51401 0 -3.37876 7.97752
-0.444506 4.46126 0 1.20917 8.59999 0 -3.40064 8.05407
-0.445736 4.45063 0 1.21337 8.68684 0 -3.42285 8.13144
-0.446954 4.43999 0 1.21755 8.77456 0 -3.44541 8.20964
-0.44816 4.42935 0 1.22172 8.86317 0 -3.46831 8.28868
-0.449355 4.41871 0 1.22588 8.95268 0 -3.49155 8.36857
-0.450539 4.40806 0 1.23003 9.04309 0 -3.51514 8.44931
-0.451711 4.39741 0 1.23416 9.13442 0 -3.53909 8.53092
-0.452872 4.38675 0 1.23828 9.22666 0 -3.56338 8.61339
-0.454022 4.37609 0 1.2424 9.31984 0 -3.58803 8.69675
-0.455161 4.36542 0 1.2465 9.41396 0 -3.61304 8.78099
-0.456289 4.35475 0 1.25059 9.50903 0 -3.6384 8.86612
-0.457406 4.34407 0 1.25466 9.60507 0 -3.66414 8.95216
-0.458512 4.33339 0 1.25873 9.70207 0 -3.69023 9.03912
-0.459608 4.32271 0 1.26279 9.80005 0 -3.7167 9.12699
-0.460693 4.31202 0 1.26684 9.89902 0 -3.74353 9.21579
-0.461767 4.30133 0 1.27087 9.999 0 -3.77075 9.30553
-0.462832 4.29064 0 1.2749 10.1 0 -3.79833 9.39622
-0.463885 4.27994 0 1.27892 10.202 0 -3.8263 9.48786
-0.464929 4.26923 0 1.28293 10.305 0 -3.85466 9.58047
-0.465963 4.25853 0 1.28693 10.4091 0 -3.88339 9.67405
-0.466987 4.24782 0 1.29092 10.5142 0 -3.91252 9.76862
-0.468 4.23711 0 1.2949 10.6204 0 -3.94204 9.86418
-0.469004 4.22639 0 1.29887 10.7277 0 -3.97195 9.96074
-0.469999 4.21567 0 1.30284 10.836 0 -4.00227 10.0583
-0.470983 4.20495 0 1.30679 10.9454 0 -4.03298 10.1569
-0.471958 4.19422 0 1.31074 11.056 0 -4.0641 10.2565
-0.472924 4.1835 0 1.31468 11.1677 0 -4.09562 10.3572
-0.47388 4.17276 0 1.31861 11.2804 0 -4.12756 10.4589
-0.474827 4.16203 0 1.32253 11.3944 0 -4.15991 10.5617
-0.475764 4.15129 0 1.32645 11.5094 0 -4.19268 10.6656
-0.476693 4.14055 0 1.33036 11.6257 0 -4.22587 10.7705
-0.477612 4.12981 0 1.33426 11.7431 0 -4.25949 10.8765
-0.478522 4.11906 0 1.33815 11.8617 0 -4.29353 10.9836
-0.479424 4.10832 0 1.34204 11.9815 0 -4.32801 11.0919
-0.480317 4.09757 0 1.34592 12.1025 0 -4.36292 11.2013
-0.481201 4.08681 0 1.34979 12.2248 0 -4.39827 11.3118
-0.482076 4.07606 0 1.35365 12.3482 0 -4.43406 11.4234
-0.482943 4.0653 0 1.35751 12.4729 0 -4.47029 11.5362
-0.483801 4.05454 0 1.36137 12.5989 0 -4.50698 11.6502
-0.484651 4.04378 0 1.36521 12.7262 0 -4.54412 11.7653
-0.485493 4.03301 0 1.36905 12.8547 0 -4.58172 11.8817
-0.486326 4.02225 0 1.37289 12.9845 0 -4.61978 11.9993
-0.487152 4.01148 0 1.37672 13.1157 0 -4.6583 12.118
-0.487969 4.00071 0 1.38054 13.2481 0 -4.69729 12.238
-0.488778 3.98993 0 1.38435 13.3819 0 -4.73676 12.3593
-0.489579 3.97916 0 1.38817 13.5171 0 -4.7767 12.4817
-0.490372 3.96838 0 1.39197 13.6536 0 -4.81712 12.6055
-0.491158 3.9576 0 1.39577 13.7915 0 -4.85803 12.7305
-0.491936 3.94682 0 1.39957 13.9308 0 -4.89943 12.8568
-0.492706 3.93604 0 1.40335 14.0715 0 -4.94132 12.9844
-0.493468 3.92525 0 1.40714 14.2137 0 -4.98371 13.1134
-0.494223 3.91447 0 1.41092 14.3572 0 -5.0266 13.2436
-0.494971 3.90368 0 1.41469 14.5022 0 -5.07 13.3752
-0.495711 3.89289 0 1.41846 14.6487 0 -5.11391 13.5082
-0.496444 3.8821 0 1.42223 14.7967 0 -5.15833 13.6425
-0.49717 3.8713 0 1.42599 14.9461 0 -5.20328 13.7782
-0.497889 3.86051 0 1.42974 15.0971 0 -5.24875 13.9153
-0.4986 3.84971 0 1.43349 15.2496 0 -5.29475 14.0538
-0.499305 3.83891 0 1.43724 15.4036 0 -5.34128 14.1937
-0.500002 3.82812 0 1.44098 15.5592 0 -5.38835 14.3351
-0.500693 3.81731 0 1.44472 15.7163 0 -5.43596 14.4779
-0.501377 3.80651 0 1.44845 15.8751 0 -5.48413 14.6222
-0.502054 3.79571 0 1.45218 16.0354 0 -5.53284 14.7679
-0.502725 3.7849 0 1.45591 16.1974 0 -5.58211 14.9152
-0.503389 3.7741 0 1.45963 16.361 0 -5.63195 15.0639
-0.504046 3.76329 0 1.46335 16.5262 0 -5.68235 15.2142
-0.504697 3.75248 0 1.46707 16.6931 0 -5.73333 15.366
-0.505341 3.74167 0 1.47078 16.8617 0 -5.78489 15.5194
-0.505979 3.73086 0 1.47448 17.0321 0 -5.83703 15.6743
-0.506611 3.72004 0 1.47819 17.2041 0 -5.88976 15.8308
-0.507236 3.70923 0 1.48189 17.3779 0 -5.94308 15.989
-0.507855 3.69841 0 1.48558 17.5534 0 -5.997 16.1487
-0.508468 3.6876 0 1.48928 17.7307 0 -6.05153 16.3101
-0.509075 3.67678 0 1.49297 17.9098 0 -6.10667 16.4731
-0.509676 3.66596 0 1.49666 18.0907 0 -6.16242 16.6378
-0.510272 3.65514 0 1.50034 18.2734 0 -6.2188 16.8042
-0.510861 3.64432 0 1.50402 18.458 0 -6.2758 16.9722
-0.511444 3.6335 0 1.5077 18.6444 0 -6.33344 17.142
-0.512022 3.62268 0 1.51137 18.8327 0 -6.39172 17.3135
-0.512594 3.61185 0 1.51504 19.0229 0 -6.45064 17.4868
-0.51316 3.60103 0 1.51871 19.2151 0 -6.51021 17.6618
-0.51372 3.5902 0 1.52238 19.4092 0 -6.57044 17.8386
-0.514275 3.57938 0 1.52604 19.6052 0 -6.63133 18.0173
-0.514825 3.56855 0 1.5297 19.8032 0 -6.69289 18.1977
-0.515369 3.55772 0 1.53336 20.0033 0 -6.75513 18.38
-0.515908 3.54689 0 1.53702 20.2053 0 -6.81805 18.5641
-0.516441 3.53606 0 1.54067 20.4094 0 -6.88166 18.7501
-0.516969 3.52523 0 1.54432 20.6155 0 -6.94596 18.938
-0.517492 3.5144 0 1.54797 20.8238 0 -7.01097 19.1279
-0.518009 3.50356 0 1.55162 21.0341 0 -7.07668 19.3196
-0.518522 3.49273 0 1.55526 21.2465 0 -7.14311 19.5133
-0.519029 3.4819 0 1.5589 21.4612 0 -7.21025 19.709
-0.519532 3.47106 0 1.56254 21.6779 0 -7.27813 19.9067
-0.520029 3.46022 0 1.56618 21.8969 0 -7.34674 20.1064
-0.520521 3.44939 0 1.56981 22.1181 0 -7.41609 20.3081
-0.521009 3.43855 0 1.57344 22.3415 0 -7.48619 20.5119
-0.521492 3.42771 0 1.57707 22.5671 0 -7.55705 20.7177
-0.521969 3.41687 0 1.5807 22.7951 0 -7.62867 20.9256
-0.522443 3.40603 0 1.58433 23.0253 0 -7.70106 21.1357
-0.522911 3.39519 0 1.58795 23.2579 0 -7.77423 21.3479
-0.523375 3.38435 0 1.59158 23.4928 0 -7.84818 21.5622
-0.523834 3.37351 0 1.5952 23.7301 0 -7.92292 21.7787
-0.524289 3.36267 0 1.59882 23.9698 0 -7.99847 21.9974
-0.524739 3.35183 0 1.60243 24.2119 0 -8.07482 22.2184
-0.525184 3.34098 0 1.60605 24.4565 0 -8.15199 22.4416
-0.525625 3.33014 0 1.60966 24.7035 0 -8.22998 22.667
-0.526062 3.3193 0 1.61327 24.953 0 -8.3088 22.8948
-0.526495 3.30845 0 1.61688 25.2051 0 -8.38846 23.1248
-0.526923 3.29761 0 1.62049 25.4597 0 -8.46897 23.3572
-0.527347 3.28676 0 1.6241 25.7168 0 -8.55034 23.592
-0.527766 3.27591 0 1.6277 25.9766 0 -8.63256 23.8291
-0.528182 3.26507 0 1.63131 26.239 0 -8.71566 24.0687
-0.528593 3.25422 0 1.63491 26.504 0 -8.79964 24.3106
-0.529 3.24337 0 1.63851 26.7717 0 -8.88451 24.5551
-0.529404 3.23252 0 1.64211 27.0421 0 -8.97028 24.802
-0.529803 3.22167 0 1.64571 27.3153 0 -9.05695 25.0514
-0.530198 3.21082 0 1.64931 27.5912 0 -9.14453 25.3034
-0.530589 3.19997 0 1.6529 27.8699 0 -9.23304 25.5579
-0.530977 3.18912 0 1.6565 28.1514 0 -9.32248 25.8149
-0.53136 3.17827 0 1.66009 28.4357 0 -9.41287 26.0746
-0.53174 3.16742 0 1.66368 28.723 0 -9.5042 26.337
-0.532116 3.15657 0 1.66727 29.0131 0 -9.5965 26.602
-0.532488 3.14572 0 1.67086 29.3061 0 -9.68976 26.8696
-0.532856 3.13487 0 1.67445 29.6021 0 -9.784 27.14
-0.533221 3.12401 0 1.67803 29.9012 0 -9.87923 27.4132
-0.533582 3.11316 0 1.68162 30.2032 0 -9.97546 27.6891
-0.53394 3.10231 0 1.6852 30.5083 0 -10.0727 27.9678
-0.534294 3.09145 0 1.68878 30.8164 0 -10.1709 28.2493
-0.534644 3.0806 0 1.69237 31.1277 0 -10.2702 28.5337
-0.534991 3.06974 0 1.69595 31.4421 0 -10.3705 28.8209
-0.535335 3.05889 0 1.69953 31.7597 0 -10.4719 29.1111
-0.535675 3.04803 0 1.70311 32.0805 0 -10.5743 29.4042
-0.536012 3.03718 0 1.70668 32.4045 0 -10.6778 29.7003
-0.536345 3.02632 0 1.71026 32.7319 0 -10.7824 29.9994
-0.536675 3.01546 0 1.71384 33.0625 0 -10.888 30.3015
-0.537002 3.00461 0 1.71741 33.3964 0 -10.9948 30.6067
-0.537325 2.99375 0 1.72098 33.7338 0 -11.1027 30.915
-0.537645 2.98289 0 1.72456 34.0745 0 -11.2117 31.2263
-0.537962 2.97203 0 1.72813 34.4187 0 -11.3218 31.5409
-0.538276 2.96118 0 1.7317 34.7663 0 -11.433 31.8586
-0.538587 2.95032 0 1.73527 35.1175 0 -11.5455 32.1796
-0.538895 2.93946 0 1.73884 35.4722 0 -11.6591 32.5038
-0.539199 2.9286 0 1.74241 35.8305 0 -11.7738 32.8313
-0.539501 2.91774 0 1.74598 36.1925 0 -11.8898 33.1621
-0.539799 2.90688 0 1.74954 36.558 0 -12.0069 33.4962
-0.540095 2.89602 0 1.75311 36.9273 0 -12.1253 33.8337
-0.540388 2.88516 0 1.75668 37.3003 0 -12.2449 34.1747
-0.540677 2.8743 0 1.76024 37.6771 0 -12.3657 34.5191
-0.540964 2.86344 0 1.7638 38.0576 0 -12.4878 34.867
-0.541248 2.85258 0 1.76737 38.4421 0 -12.6111 35.2184
-0.541529 2.84172 0 1.77093 38.8304 0 -12.7357 35.5734
-0.541807 2.83086 0 1.77449 39.2226 0 -12.8616 35.9319
-0.542083 2.82 0 1.77805 39.6188 0 -12.9888 36.2941
-0.542356 2.80914 0 1.78161 40.0189 0 -13.1173 36.66
-0.542626 2.79828 0 1.78517 40.4232 0 -13.2472 37.0296
-0.542893 2.78741 0 1.78873 40.8315 0 -13.3783 37.4029
-0.543158 2.77655 0 1.79229 41.2439 0 -13.5109 37.7799
-0.54342 2.76569 0 1.79585 41.6605 0 -13.6448 38.1608
-0.543679 2.75483 0 1.79941 42.0813 0 -13.78 38.5456
-0.543936 2.74396 0 1.80296 42.5064 0 -13.9167 38.9342
-0.54419 2.7331 0 1.80652 42.9357 0 -14.0547 39.3268
-0.544442 2.72224 0 1.81007 43.3694 0 -14.1942 39.7234
-0.544691 2.71138 0 1.81363 43.8075 0 -14.3352 40.1239
-0.544938 2.70051 0 1.81718 44.25 0 -14.4775 40.5285
-0.545182 2.68965 0 1.82074 44.697 0 -14.6213 40.9373
-0.545424 2.67878 0 1.82429 45.1484 0 -14.7666 41.3501
-0.545664 2.66792 0 1.82785 45.6045 0 -14.9134 41.7671
-0.545901 2.65706 0 1.8314 46.0651 0 -15.0617 42.1884
-0.546135 2.64619 0 1.83495 46.5304 0 -15.2116 42.6139
-0.546368 2.63533 0 1.8385 47.0004 0 -15.3629 43.0437
-0.546598 2.62446 0 1.84205 47.4752 0 -15.5158 43.4778
-0.546825 2.6136 0 1.8456 47.9547 0 -15.6703 43.9164
-0.547051 2.60273 0 1.84915 48.4391 0 -15.8264 44.3594
-0.547274 2.59187 0 1.8527 48.9284 0 -15.984 44.8068
-0.547495 2.581 0 1.85625 49.4226 0 -16.1433 45.2588
-0.547714 2.57014 0 1.8598 49.9218 0 -16.3042 45.7154
-0.54793 2.55927 0 1.86335 50.4261 0 -16.4668 46.1766
-0.548145 2.54841 0 1.8669 50.9354 0 -16.631 46.6424
-0.548357 2.53754 0 1.87044 51.4499 0 -16.7969 47.113
-0.548567 2.52667 0 1.87399 51.9696 0 -16.9645 47.5883
-0.548775 2.51581 0 1.87754 52.4946 0 -17.1338 48.0684
-0.548981 2.50494 0 1.88108 53.0248 0 -17.3048 48.5534
-0.549185 2.49408 0 1.88463 53.5604 0 -17.4776 49.0432
-0.549387 2.48321 0 1.88818 54.1014 0 -17.6522 49.5381
-0.549587 2.47234 0 1.89172 54.6479 0 -17.8285 50.0379
-0.549785 2.46148 0 1.89527 55.1999 0 -18.0066 50.5428
-0.54998 2.45061 0 1.89881 55.7575 0 -18.1866 51.0528
-0.550174 2.43974 0 1.90236 56.3207 0 -18.3684 51.568
-0.550366 2.42888 0 1.9059 56.8896 0 -18.552 52.0883
-0.550556 2.41801 0 1.90944 57.4642 0 -18.7375 52.614
-0.550745 2.40714 0 1.91299 58.0447 0 -18.925 53.1449
-0.550931 2.39627 0 1.91653 58.631 0 -19.1143 53.6812
-0.551115 2.38541 0 1.92007 59.2232 0 -19.3055 54.2229
-0.551298 2.37454 0 1.92361 59.8214 0 -19.4987 54.7702
-0.551479 2.36367 0 1.92716 60.4257 0 -19.6939 55.3229
-0.551658 2.3528 0 1.9307 61.036 0 -19.8911 55.8812
-0.551835 2.34194 0 1.93424 61.6525 0 -20.0902 56.4452
-0.55201 2.33107 0 1.93778 62.2753 0 -20.2914 57.0149
-0.552184 2.3202 0 1.94132 62.9043 0 -20.4947 57.5903
-0.552356 2.30933 0 1.94486 63.5397 0 -20.7 58.1716
-0.552526 2.29846 0 1.9484 64.1815 0 -20.9074 58.7587
-0.552694 2.2876 0 1.95194 64.8298 0 -21.117 59.3517
-0.552861 2.27673 0 1.95548 65.4847 0 -21.3286 59.9508
-0.553026 2.26586 0 1.95902 66.1461 0 -21.5424 60.5559
-0.55319 2.25499 0 1.96256 66.8143 0 -21.7584 61.1671
-0.553352 2.24412 0 1.9661 67.4892 0 -21.9766 61.7846
-0.553512 2.23325 0 1.96964 68.1709 0 -22.197 62.4082
-0.55367 2.22239 0 1.97318 68.8595 0 -22.4196 63.0382
-0.553827 2.21152 0 1.97672 69.555 0 -22.6446 63.6745
-0.553983 2.20065 0 1.98026 70.2576 0 -22.8718 64.3172
-0.554137 2.18978 0 1.9838 70.9673 0 -23.1013 64.9665
-0.554289 2.17891 0 1.98733 71.6841 0 -23.3331 65.6223
-0.55444 2.16804 0 1.99087 72.4082 0 -23.5673 66.2847
-0.554589 2.15717 0 1.99441 73.1396 0 -23.8039 66.9539
-0.554737 2.1463 0 1.99795 73.8784 0 -24.0429 67.6298
-0.554884 2.13543 0 2.00148 74.6246 0 -24.2843 68.3125
-0.555029 2.12456 0 2.00502 75.3784 0 -24.5282 69.0021
-0.555172 2.1137 0 2.00856 76.1398 0 -24.7745 69.6987
-0.555314 2.10283 0 2.01209 76.9089 0 -25.0233 70.4024
-0.555455 2.09196 0 2.01563 77.6857 0 -25.2747 71.1131
-0.555594 2.08109 0 2.01917 78.4704 0 -25.5286 71.8311
-0.555732 2.07022 0 2.0227 79.2631 0 -25.7852 72.5563
-0.555868 2.05935 0 2.02624 80.0637 0 -26.0443 73.2888
-0.556003 2.04848 0 2.02977 80.8724 0 -26.306 74.0287
-0.556137 2.03761 0 2.03331 81.6893 0 -26.5704 74.7761
-0.556269 2.02674 0 2.03684 82.5144 0 -26.8375 75.5311
-0.556401 2.01587 0 2.04038 83.3479 0 -27.1073 76.2936
-0.55653 2.005 0 2.04392 84.1898 0 -27.3798 77.0639
-0.556659 1.99413 0 2.04745 85.0402 0 -27.6551 77.842
-0.556786 1.98326 0 2.05099 85.8992 0 -27.9332 78.6279
-0.556912 1.97239 0 2.05452 86.7669 0 -28.2141 79.4218
-0.557037 1.96152 0 2.05805 87.6433 0 -28.4979 80.2237
-0.55716 1.95065 0 2.06159 88.5286 0 -28.7845 81.0337
-0.557282 1.93978 0 2.06512 89.4228 0 -29.0741 81.8519
-0.557403 1.92891 0 2.06866 90.3261 0 -29.3665 82.6784
-0.557523 1.91804 0 2.07219 91.2385 0 -29.662 83.5132
-0.557641 1.90717 0 2.07573 92.1601 0 -29.9604 84.3564
-0.557759 1.8963 0 2.07926 93.091 0 -30.2619 85.2082
-0.557875 1.88543 0 2.08279 94.0313 0 -30.5664 86.0686
-0.55799 1.87456 0 2.08633 94.9811 0 -30.8741 86.9376
-0.558104 1.86369 0 2.08986 95.9405 0 -31.1848 87.8155
-0.558217 1.85282 0 2.09339 96.9096 0 -31.4987 88.7022
-0.558328 1.84195 0 2.09693 97.8885 0 -31.8157 89.5979
-0.558439 1.83108 0 2.10046 98.8772 0 -32.136 90.5026
-0.558548 1.8202 0 2.10399 99.876 0 -32.4596 91.4165
-0.558656 1.80933 0 2.10752 100.885 0 -32.7864 92.3396
-0.558764 1.79846 0 2.11106 101.904 0 -33.1165 93.272
-0.55887 1.78759 0 2.11459 102.933 0 -33.4499 94.2139
-0.558975 1.77672 0 2.11812 103.973 0 -33.7868 95.1652
-0.559079 1.76585 0 2.12166 105.023 0 -34.127 96.1262
-0.559182 1.75498 0 2.12519 106.084 0 -34.4707 97.0969
-0.559284 1.74411 0 2.12872 107.156 0 -34.8179 98.0774
-0.559385 1.73324 0 2.13225 108.238 0 -35.1686 99.0678
-0.559485 1.72237 0 2.13578 109.331 0 -35.5229 100.068
-0.559584 1.7115 0 2.13932 110.436 0 -35.8807 101.079
-0.559681 1.70063 0 2.14285 111.551 0 -36.2422 102.099
-0.559778 1.68976 0 2.14638 112.678 0 -36.6073 103.131
-0.559874 1.67888 0 2.14991 113.816 0 -36.9761 104.172
-0.559969 1.66801 0 2.15344 114.966 0 -37.3487 105.224
-0.560064 1.65714 0 2.15698 116.127 0 -37.725 106.287
-0.560157 1.64627 0 2.16051 117.3 0 -38.1052 107.36
-0.560249 1.6354 0 2.16404 118.485 0 -38.4892 108.444
-0.56034 1.62453 0 2.16757 119.682 0 -38.877 109.539
-0.560431 1.61366 0 2.1711 120.891 0 -39.2688 110.645
-0.56052 1.60279 0 2.17463 122.112 0 -39.6646 111.763
-0.560609 1.59192 0 2.17816 123.345 0 -40.0644 112.892
-0.560696 1.58104 0 2.18169 124.591 0 -40.4682 114.032
-0.560783 1.57017 0 2.18523 125.85 0 -40.8761 115.183
-0.560869 1.5593 0 2.18876 127.121 0 -41.2882 116.346
-0.560954 1.54843 0 2.19229 128.405 0 -41.7044 117.521
-0.561038 1.53756 0 2.19582 129.702 0 -42.1248 118.708
-0.561122 1.52669 0 2.19935 131.012 0 -42.5495 119.907
-0.561204 1.51582 0 2.20288 132.335 0 -42.9785 121.118
-0.561286 1.50495 0 2.20641 133.672 0 -43.4118 122.341
-0.561367 1.49407 0 2.20994 135.022 0 -43.8495 123.577
-0.561447 1.4832 0 2.21347 136.386 0 -44.2916 124.825
-0.561526 1.47233 0 2.217 137.764 0 -44.7382 126.086
-0.561605 1.46146 0 2.22053 139.155 0 -45.1894 127.359
-0.561683 1.45059 0 2.22406 140.561 0 -45.6451 128.645
-0.56176 1.43972 0 2.22759 141.981 0 -46.1054 129.944
-0.561836 1.42885 0 2.23112 143.415 0 -46.5703 131.257
-0.561911 1.41797 0 2.23465 144.863 0 -47.04 132.582
-0.561986 1.4071 0 2.23818 146.327 0 -47.5144 133.921
-0.56206 1.39623 0 2.24171 147.805 0 -47.9936 135.274
-0.562133 1.38536 0 2.24524 149.298 0 -48.4777 136.64
-0.562206 1.37449 0 2.24877 150.806 0 -48.9666 138.02
-0.562277 1.36362 0 2.2523 152.329 0 -49.4605 139.414
-0.562348 1.35275 0 2.25583 153.868 0 -49.9594 140.822
-0.562419 1.34187 0 2.25936 155.422 0 -50.4634 142.244
-0.562488 1.331 0 2.26289 156.992 0 -50.9724 143.681
-0.562557 1.32013 0 2.26642 158.578 0 -51.4866 145.132
-0.562625 1.30926 0 2.26995 160.179 0 -52.006 146.598
-0.562693 1.29839 0 2.27348 161.797 0 -52.5307 148.079
-0.56276 1.28752 0 2.27701 163.432 0 -53.0606 149.574
-0.562826 1.27664 0 2.28054 165.083 0 -53.5959 151.085
-0.562891 1.26577 0 2.28407 166.75 0 -54.1367 152.611
-0.562956 1.2549 0 2.2876 168.434 0 -54.6828 154.152
-0.56302 1.24403 0 2.29113 170.136 0 -55.2346 155.709
-0.563084 1.23316 0 2.29466 171.854 0 -55.7919 157.282
-0.563147 1.22229 0 2.29819 173.59 0 -56.3548 158.87
-0.563209 1.21141 0 2.30172 175.344 0 -56.9234 160.475
-0.563271 1.20054 0 2.30525 177.115 0 -57.4978 162.095
-0.563332 1.18967 0 2.30878 178.904 0 -58.078 163.733
-0.563393 1.1788 0 2.31231 180.711 0 -58.664 165.386
-0.563452 1.16793 0 2.31584 182.536 0 -59.256 167.057
-0.563512 1.15705 0 2.31937 184.38 0 -59.854 168.744
-0.56357 1.14618 0 2.32289 186.243 0 -60.458 170.448
-0.563628 1.13531 0 2.32642 188.124 0 -61.0681 172.17
-0.563686 1.12444 0 2.32995 190.024 0 -61.6844 173.909
-0.563743 1.11357 0 2.33348 191.943 0 -62.3069 175.665
-0.563799 1.1027 0 2.33701 193.882 0 -62.9357 177.44
-0.563855 1.09182 0 2.34054 195.841 0 -63.5709 179.232
-0.56391 1.08095 0 2.34407 197.819 0 -64.2124 181.042
-0.563965 1.07008 0 2.3476 199.817 0 -64.8605 182.871
-0.564019 1.05921 0 2.35113 201.835 0 -65.5151 184.718
-0.564073 1.04834 0 2.35466 203.874 0 -66.1764 186.583
-0.564126 1.03746 0 2.35819 205.933 0 -66.8443 188.468
-0.564178 1.02659 0 2.36171 208.014 0 -67.519 190.371
-0.56423 1.01572 0 2.36524 210.115 0 -68.2005 192.294
-0.564282 1.00485 0 2.36877 212.237 0 -68.8889 194.236
-0.564333 0.993976 0 2.3723 214.381 0 -69.5842 196.198
-0.564383 0.983104 0 2.37583 216.546 0 -70.2866 198.18
-0.564433 0.972233 0 2.37936 218.734 0 -70.996 200.182
-0.564483 0.961361 0 2.38289 220.943 0 -71.7127 202.204
-0.564532 0.950489 0 2.38642 223.175 0 -72.4366 204.246
-0.56458 0.939617 0 2.38994 225.429 0 -73.1678 206.309
-0.564628 0.928745 0 2.39347 227.706 0 -73.9064 208.393
-0.564676 0.917873 0 2.397 230.006 0 -74.6524 210.497
-0.564723 0.907001 0 2.40053 232.33 0 -75.406 212.624
-0.564769 0.896129 0 2.40406 234.676 0 -76.1673 214.771
-0.564815 0.885257 0 2.40759 237.047 0 -76.9362 216.94
-0.564861 0.874385 0 2.41112 239.441 0 -77.7129 219.132
-0.564906 0.863513 0 2.41465 241.86 0 -78.4974 221.345
-0.564951 0.852641 0 2.41817 244.303 0 -79.2898 223.581
-0.564995 0.841769 0 2.4217 246.771 0 -80.0903 225.839
-0.565039 0.830897 0 2.42523 249.263 0 -80.8989 228.12
-0.565082 0.820025 0 2.42876 251.781 0 -81.7156 230.424
-0.565125 0.809153 0 2.43229 254.324 0 -82.5406 232.751
-0.565168 0.798281 0 2.43582 256.893 0 -83.3739 235.102
-0.56521 0.787408 0 2.43935 259.488 0 -84.2157 237.477
-0.565252 0.776536 0 2.44287 262.109 0 -85.0659 239.876
-0.565293 0.765664 0 2.4464 264.757 0 -85.9248 242.299
-0.565334 0.754792 0 2.44993 267.431 0 -86.7923 244.746
-0.565374 0.74392 0 2.45346 270.132 0 -87.6686 247.218
-0.565414 0.733048 0 2.45699 272.861 0 -88.5537 249.715
-0.565454 0.722176 0 2.46052 275.617 0 -89.4478 252.237
-0.565493 0.711304 0 2.46404 278.401 0 -90.3509 254.785
-0.565532 0.700432 0 2.46757 281.213 0 -91.2632 257.359
-0.56557 0.68956 0 2.4711 284.054 0 -92.1847 259.958
-0.565608 0.678688 0 2.47463 286.923 0 -93.1154 262.584
-0.565646 0.667816 0 2.47816 289.821 0 -94.0556 265.236
-0.565684 0.656944 0 2.48169 292.749 0 -95.0053 267.915
-0.56572 0.646071 0 2.48521 295.706 0 -95.9646 270.621
-0.565757 0.635199 0 2.48874 298.693 0 -96.9336 273.355
-0.565793 0.624327 0 2.49227 301.71 0 -97.9124 276.116
-0.565829 0.613455 0 2.4958 304.757 0 -98.901 278.905
-0.565865 0.602583 0 2.49933 307.836 0 -99.8997 281.722
-0.5659 0.591711 0 2.50286 310.945 0 -100.908 284.567
-0.565935 0.580839 0 2.50638 314.086 0 -101.927 287.442
-0.565969 0.569967 0 2.50991 317.259 0 -102.957 290.345
-0.566003 0.559094 0 2.51344 320.463 0 -103.996 293.278
-0.566037 0.548222 0 2.51697 323.7 0 -105.046 296.24
-0.56607 0.53735 0 2.5205 326.97 0 -106.107 299.232
-0.566103 0.526478 0 2.52402 330.273 0 -107.179 302.255
-0.566136 0.515606 0 2.52755 333.609 0 -108.261 305.308
-0.566169 0.504734 0 2.53108 336.979 0 -109.354 308.392
-0.566201 0.493862 0 2.53461 340.382 0 -110.458 311.506
-0.566232 0.482989 0 2.53814 343.821 0 -111.574 314.653
-0.566264 0.472117 0 2.54167 347.294 0 -112.7 317.831
-0.566295 0.461245 0 2.54519 350.802 0 -113.839 321.041
-0.566326 0.450373 0 2.54872 354.345 0 -114.988 324.284
-0.566356 0.439501 0 2.55225 357.924 0 -116.149 327.56
-0.566387 0.428628 0 2.55578 361.54 0 -117.322 330.868
-0.566417 0.417756 0 2.55931 365.192 0 -118.507 334.21
-0.566446 0.406884 0 2.56283 368.88 0 -119.704 337.586
-0.566475 0.396012 0 2.56636 372.606 0 -120.913 340.996
-0.566505 0.38514 0 2.56989 376.37 0 -122.134 344.44
-0.566533 0.374268 0 2.57342 380.172 0 -123.367 347.919
-0.566562 0.363395 0 2.57695 384.012 0 -124.613 351.434
-0.56659 0.352523 0 2.58047 387.891 0 -125.871 354.984
-0.566618 0.341651 0 2.584 391.809 0 -127.142 358.569
-0.566645 0.330779 0 2.58753 395.767 0 -128.426 362.191
-0.566673 0.319907 0 2.59106 399.764 0 -129.723 365.849
-0.5667 0.309034 0 2.59459 403.802 0 -131.034 369.545
-0.566727 0.298162 0 2.59811 407.881 0 -132.357 373.277
-0.566753 0.28729 0 2.60164 412.001 0 -133.694 377.048
-0.566779 0.276418 0 2.60517 416.163 0 -135.044 380.856
-0.566805 0.265546 0 2.6087 420.366 0 -136.408 384.703
-0.566831 0.254673 0 2.61223 424.612 0 -137.785 388.589
-0.566857 0.243801 0 2.61575 428.902 0 -139.177 392.514
-0.566882 0.232929 0 2.61928 433.234 0 -140.582 396.479
-0.566907 0.222057 0 2.62281 437.61 0 -142.002 400.484
-0.566931 0.211185 0 2.62634 442.03 0 -143.436 404.529
-0.566956 0.200312 0 2.62987 446.495 0 -144.885 408.615
-0.56698 0.18944 0 2.63339 451.005 0 -146.348 412.742
-0.567004 0.178568 0 2.63692 455.561 0 -147.826 416.911
-0.567028 0.167696 0 2.64045 460.162 0 -149.319 421.123
-0.567051 0.156823 0 2.64398 464.811 0 -150.827 425.376
-0.567075 0.145951 0 2.64751 469.506 0 -152.35 429.673
-0.567098 0.135079 0 2.65103 474.248 0 -153.889 434.013
-0.567121 0.124207 0 2.65456 479.039 0 -155.443 438.397
-0.567143 0.113334 0 2.65809 483.877 0 -157.013 442.825
-0.567165 0.102462 0 2.66162 488.765 0 -158.599 447.298
-0.567188 0.09159 0 2.66515 493.702 0 -160.201 451.816
-0.567209 0.0807178 0 2.66867 498.689 0 -161.819 456.38
-0.567231 0.0698455 0 2.6722 503.726 0 -163.453 460.99
-0.567253 0.0589733 0 2.67573 508.814 0 -165.104 465.646
-0.567274 0.0481011 0 2.67926 513.954 0 -166.771 470.35
-0.567295 0.0372288 0 2.68279 519.145 0 -168.456 475.101
-0.567316 0.0263566 0 2.68631 524.389 0 -170.157 479.899
-0.567336 0.0154843 0 2.68984 529.686 0 -171.875 484.747
-0.567357 0.00461208 0 2.69337 535.036 0 -173.611 489.643
-0.567365 -3.72966e-17 0 2.69487 537.304 0 -174.347 499.585
